4.970000000000000000e+02
1.060000000000000000e+02
6.550000000000000000e+02
6.680000000000000000e+02
9.800000000000000000e+01
2.340000000000000000e+02
4.560000000000000000e+02
2.080000000000000000e+02
6.420000000000000000e+02
7.040000000000000000e+02
5.030000000000000000e+02
5.900000000000000000e+02
6.100000000000000000e+02
5.600000000000000000e+02
1.650000000000000000e+02
7.000000000000000000e+00
2.870000000000000000e+02
5.990000000000000000e+02
9.500000000000000000e+01
2.950000000000000000e+02
4.150000000000000000e+02
2.220000000000000000e+02
6.660000000000000000e+02
2.240000000000000000e+02
4.880000000000000000e+02
5.060000000000000000e+02
4.690000000000000000e+02
6.900000000000000000e+01
3.230000000000000000e+02
4.510000000000000000e+02
7.200000000000000000e+01
6.700000000000000000e+02
3.900000000000000000e+02
4.840000000000000000e+02
6.270000000000000000e+02
5.430000000000000000e+02
4.270000000000000000e+02
5.090000000000000000e+02
8.200000000000000000e+01
5.890000000000000000e+02
5.490000000000000000e+02
6.000000000000000000e+01
3.850000000000000000e+02
6.750000000000000000e+02
8.300000000000000000e+01
5.610000000000000000e+02
2.730000000000000000e+02
3.890000000000000000e+02
1.610000000000000000e+02
5.720000000000000000e+02
2.010000000000000000e+02
2.940000000000000000e+02
1.070000000000000000e+02
4.930000000000000000e+02
4.370000000000000000e+02
2.600000000000000000e+02
5.380000000000000000e+02
8.900000000000000000e+01
6.250000000000000000e+02
7.400000000000000000e+01
1.960000000000000000e+02
6.610000000000000000e+02
4.090000000000000000e+02
6.260000000000000000e+02
4.750000000000000000e+02
3.140000000000000000e+02
6.900000000000000000e+02
6.860000000000000000e+02
6.170000000000000000e+02
6.360000000000000000e+02
1.290000000000000000e+02
7.010000000000000000e+02
4.580000000000000000e+02
5.340000000000000000e+02
1.260000000000000000e+02
6.760000000000000000e+02
4.830000000000000000e+02
4.110000000000000000e+02
1.190000000000000000e+02
3.680000000000000000e+02
3.160000000000000000e+02
6.000000000000000000e+02
3.940000000000000000e+02
5.180000000000000000e+02
1.530000000000000000e+02
2.650000000000000000e+02
6.240000000000000000e+02
1.720000000000000000e+02
4.080000000000000000e+02
6.060000000000000000e+02
4.130000000000000000e+02
2.200000000000000000e+01
2.930000000000000000e+02
7.050000000000000000e+02
1.390000000000000000e+02
3.240000000000000000e+02
1.840000000000000000e+02
4.530000000000000000e+02
4.540000000000000000e+02
3.670000000000000000e+02
1.000000000000000000e+00
8.400000000000000000e+01
5.810000000000000000e+02
4.680000000000000000e+02
3.570000000000000000e+02
9.900000000000000000e+01
6.450000000000000000e+02
2.530000000000000000e+02
1.990000000000000000e+02
1.120000000000000000e+02
1.470000000000000000e+02
2.130000000000000000e+02
1.210000000000000000e+02
6.850000000000000000e+02
6.710000000000000000e+02
1.900000000000000000e+02
1.020000000000000000e+02
1.420000000000000000e+02
5.620000000000000000e+02
2.670000000000000000e+02
1.490000000000000000e+02
5.970000000000000000e+02
6.810000000000000000e+02
3.930000000000000000e+02
4.140000000000000000e+02
2.620000000000000000e+02
1.100000000000000000e+02
5.920000000000000000e+02
1.130000000000000000e+02
2.780000000000000000e+02
4.870000000000000000e+02
1.220000000000000000e+02
6.880000000000000000e+02
2.100000000000000000e+01
2.700000000000000000e+02
3.010000000000000000e+02
6.570000000000000000e+02
3.600000000000000000e+02
6.530000000000000000e+02
5.590000000000000000e+02
2.190000000000000000e+02
2.740000000000000000e+02
5.360000000000000000e+02
1.940000000000000000e+02
3.060000000000000000e+02
2.140000000000000000e+02
3.490000000000000000e+02
1.510000000000000000e+02
2.060000000000000000e+02
4.480000000000000000e+02
2.630000000000000000e+02
3.030000000000000000e+02
3.510000000000000000e+02
4.320000000000000000e+02
6.840000000000000000e+02
6.950000000000000000e+02
4.800000000000000000e+01
2.640000000000000000e+02
4.790000000000000000e+02
3.250000000000000000e+02
5.050000000000000000e+02
3.870000000000000000e+02
2.750000000000000000e+02
2.900000000000000000e+02
1.000000000000000000e+01
2.120000000000000000e+02
1.200000000000000000e+02
3.830000000000000000e+02
1.580000000000000000e+02
6.970000000000000000e+02
2.310000000000000000e+02
3.120000000000000000e+02
1.030000000000000000e+02
5.400000000000000000e+02
2.980000000000000000e+02
3.320000000000000000e+02
3.500000000000000000e+02
