1.060000000000000000e+02
7.800000000000000000e+01
5.050000000000000000e+02
6.790000000000000000e+02
2.750000000000000000e+02
1.450000000000000000e+02
6.050000000000000000e+02
4.060000000000000000e+02
1.740000000000000000e+02
4.120000000000000000e+02
1.800000000000000000e+01
3.830000000000000000e+02
1.990000000000000000e+02
5.960000000000000000e+02
5.990000000000000000e+02
5.760000000000000000e+02
6.300000000000000000e+02
2.590000000000000000e+02
4.330000000000000000e+02
4.070000000000000000e+02
7.020000000000000000e+02
3.980000000000000000e+02
6.090000000000000000e+02
7.000000000000000000e+00
4.240000000000000000e+02
1.280000000000000000e+02
2.640000000000000000e+02
3.600000000000000000e+01
5.200000000000000000e+02
2.850000000000000000e+02
5.540000000000000000e+02
5.240000000000000000e+02
4.310000000000000000e+02
2.100000000000000000e+02
3.850000000000000000e+02
6.100000000000000000e+01
6.890000000000000000e+02
3.370000000000000000e+02
3.450000000000000000e+02
4.000000000000000000e+00
4.400000000000000000e+02
2.060000000000000000e+02
1.000000000000000000e+01
4.850000000000000000e+02
2.380000000000000000e+02
5.840000000000000000e+02
6.280000000000000000e+02
2.900000000000000000e+02
6.670000000000000000e+02
6.960000000000000000e+02
6.380000000000000000e+02
2.340000000000000000e+02
5.500000000000000000e+01
4.110000000000000000e+02
6.580000000000000000e+02
1.650000000000000000e+02
7.300000000000000000e+01
2.800000000000000000e+01
6.180000000000000000e+02
3.680000000000000000e+02
1.140000000000000000e+02
4.800000000000000000e+02
5.900000000000000000e+02
3.140000000000000000e+02
3.540000000000000000e+02
6.460000000000000000e+02
5.810000000000000000e+02
8.300000000000000000e+01
1.470000000000000000e+02
3.110000000000000000e+02
7.400000000000000000e+01
4.900000000000000000e+01
2.560000000000000000e+02
4.900000000000000000e+02
4.280000000000000000e+02
6.200000000000000000e+02
5.700000000000000000e+01
5.120000000000000000e+02
3.650000000000000000e+02
4.750000000000000000e+02
3.240000000000000000e+02
5.450000000000000000e+02
4.660000000000000000e+02
3.090000000000000000e+02
4.690000000000000000e+02
5.100000000000000000e+01
6.350000000000000000e+02
2.700000000000000000e+02
1.610000000000000000e+02
4.570000000000000000e+02
4.890000000000000000e+02
4.600000000000000000e+02
1.700000000000000000e+02
2.430000000000000000e+02
6.080000000000000000e+02
1.930000000000000000e+02
3.870000000000000000e+02
2.600000000000000000e+02
3.840000000000000000e+02
5.280000000000000000e+02
4.560000000000000000e+02
1.350000000000000000e+02
5.170000000000000000e+02
2.410000000000000000e+02
6.800000000000000000e+02
5.020000000000000000e+02
4.870000000000000000e+02
3.060000000000000000e+02
1.340000000000000000e+02
4.940000000000000000e+02
2.990000000000000000e+02
3.410000000000000000e+02
2.760000000000000000e+02
2.190000000000000000e+02
6.170000000000000000e+02
5.520000000000000000e+02
1.410000000000000000e+02
9.300000000000000000e+01
1.900000000000000000e+02
6.020000000000000000e+02
4.030000000000000000e+02
7.040000000000000000e+02
1.020000000000000000e+02
6.700000000000000000e+02
1.770000000000000000e+02
6.480000000000000000e+02
4.080000000000000000e+02
5.220000000000000000e+02
2.700000000000000000e+01
1.400000000000000000e+01
3.310000000000000000e+02
6.160000000000000000e+02
6.680000000000000000e+02
1.920000000000000000e+02
5.920000000000000000e+02
6.810000000000000000e+02
1.000000000000000000e+00
2.950000000000000000e+02
8.600000000000000000e+01
4.160000000000000000e+02
5.040000000000000000e+02
3.580000000000000000e+02
2.420000000000000000e+02
5.400000000000000000e+02
6.110000000000000000e+02
1.870000000000000000e+02
1.180000000000000000e+02
6.640000000000000000e+02
3.660000000000000000e+02
4.640000000000000000e+02
5.000000000000000000e+02
2.790000000000000000e+02
3.790000000000000000e+02
8.000000000000000000e+00
9.000000000000000000e+00
3.670000000000000000e+02
3.520000000000000000e+02
5.290000000000000000e+02
1.510000000000000000e+02
2.530000000000000000e+02
1.600000000000000000e+01
6.710000000000000000e+02
9.800000000000000000e+01
9.000000000000000000e+01
4.920000000000000000e+02
3.960000000000000000e+02
3.260000000000000000e+02
3.590000000000000000e+02
6.510000000000000000e+02
4.270000000000000000e+02
5.820000000000000000e+02
1.500000000000000000e+01
5.460000000000000000e+02
5.780000000000000000e+02
3.010000000000000000e+02
3.200000000000000000e+01
6.400000000000000000e+01
