2.100000000000000000e+01
5.580000000000000000e+02
6.770000000000000000e+02
2.150000000000000000e+02
1.390000000000000000e+02
3.160000000000000000e+02
5.170000000000000000e+02
2.800000000000000000e+02
3.630000000000000000e+02
5.490000000000000000e+02
5.620000000000000000e+02
4.740000000000000000e+02
5.540000000000000000e+02
3.600000000000000000e+01
5.290000000000000000e+02
5.600000000000000000e+01
5.710000000000000000e+02
4.580000000000000000e+02
1.450000000000000000e+02
4.890000000000000000e+02
3.370000000000000000e+02
4.760000000000000000e+02
1.190000000000000000e+02
3.030000000000000000e+02
4.780000000000000000e+02
4.750000000000000000e+02
4.300000000000000000e+01
6.940000000000000000e+02
5.960000000000000000e+02
6.300000000000000000e+01
2.700000000000000000e+01
1.260000000000000000e+02
8.500000000000000000e+01
5.890000000000000000e+02
3.490000000000000000e+02
4.250000000000000000e+02
1.000000000000000000e+02
4.310000000000000000e+02
6.670000000000000000e+02
3.020000000000000000e+02
1.700000000000000000e+01
1.350000000000000000e+02
1.790000000000000000e+02
5.280000000000000000e+02
2.300000000000000000e+01
2.170000000000000000e+02
6.600000000000000000e+01
4.870000000000000000e+02
4.120000000000000000e+02
3.110000000000000000e+02
5.780000000000000000e+02
1.480000000000000000e+02
5.060000000000000000e+02
1.820000000000000000e+02
1.890000000000000000e+02
6.480000000000000000e+02
4.000000000000000000e+00
4.080000000000000000e+02
7.600000000000000000e+01
6.740000000000000000e+02
7.200000000000000000e+01
1.250000000000000000e+02
9.000000000000000000e+01
4.620000000000000000e+02
6.650000000000000000e+02
1.920000000000000000e+02
6.610000000000000000e+02
5.460000000000000000e+02
5.100000000000000000e+02
3.100000000000000000e+02
5.050000000000000000e+02
2.250000000000000000e+02
6.800000000000000000e+02
5.120000000000000000e+02
5.140000000000000000e+02
6.960000000000000000e+02
6.200000000000000000e+02
5.080000000000000000e+02
4.830000000000000000e+02
1.780000000000000000e+02
5.560000000000000000e+02
4.470000000000000000e+02
2.740000000000000000e+02
2.870000000000000000e+02
3.310000000000000000e+02
7.040000000000000000e+02
3.820000000000000000e+02
6.390000000000000000e+02
2.380000000000000000e+02
1.180000000000000000e+02
2.260000000000000000e+02
2.190000000000000000e+02
5.320000000000000000e+02
6.280000000000000000e+02
4.600000000000000000e+01
3.150000000000000000e+02
2.020000000000000000e+02
6.030000000000000000e+02
1.700000000000000000e+02
7.050000000000000000e+02
