6.490000000000000000e+02
2.220000000000000000e+02
1.650000000000000000e+02
2.070000000000000000e+02
2.950000000000000000e+02
5.490000000000000000e+02
3.590000000000000000e+02
2.980000000000000000e+02
6.720000000000000000e+02
1.820000000000000000e+02
1.700000000000000000e+01
1.840000000000000000e+02
2.380000000000000000e+02
8.400000000000000000e+01
6.150000000000000000e+02
6.960000000000000000e+02
1.430000000000000000e+02
3.340000000000000000e+02
6.180000000000000000e+02
3.790000000000000000e+02
5.170000000000000000e+02
6.480000000000000000e+02
4.170000000000000000e+02
2.730000000000000000e+02
2.900000000000000000e+01
1.930000000000000000e+02
5.980000000000000000e+02
6.420000000000000000e+02
6.880000000000000000e+02
6.290000000000000000e+02
3.160000000000000000e+02
4.000000000000000000e+00
1.310000000000000000e+02
4.260000000000000000e+02
3.100000000000000000e+01
4.320000000000000000e+02
3.750000000000000000e+02
1.490000000000000000e+02
7.040000000000000000e+02
1.420000000000000000e+02
4.750000000000000000e+02
2.550000000000000000e+02
6.790000000000000000e+02
2.430000000000000000e+02
7.900000000000000000e+01
5.530000000000000000e+02
1.860000000000000000e+02
2.090000000000000000e+02
2.600000000000000000e+02
2.560000000000000000e+02
9.100000000000000000e+01
5.810000000000000000e+02
1.980000000000000000e+02
5.880000000000000000e+02
6.200000000000000000e+02
3.940000000000000000e+02
4.040000000000000000e+02
1.130000000000000000e+02
1.410000000000000000e+02
6.430000000000000000e+02
5.990000000000000000e+02
6.820000000000000000e+02
4.510000000000000000e+02
5.870000000000000000e+02
5.430000000000000000e+02
1.720000000000000000e+02
5.180000000000000000e+02
3.610000000000000000e+02
1.580000000000000000e+02
3.110000000000000000e+02
6.270000000000000000e+02
7.800000000000000000e+01
1.630000000000000000e+02
6.740000000000000000e+02
3.120000000000000000e+02
4.790000000000000000e+02
2.170000000000000000e+02
2.000000000000000000e+01
3.600000000000000000e+02
4.940000000000000000e+02
6.060000000000000000e+02
1.750000000000000000e+02
4.930000000000000000e+02
1.140000000000000000e+02
2.990000000000000000e+02
2.060000000000000000e+02
2.970000000000000000e+02
1.900000000000000000e+02
6.760000000000000000e+02
1.620000000000000000e+02
2.710000000000000000e+02
4.700000000000000000e+02
5.970000000000000000e+02
5.350000000000000000e+02
3.250000000000000000e+02
4.870000000000000000e+02
2.930000000000000000e+02
3.450000000000000000e+02
8.300000000000000000e+01
5.760000000000000000e+02
