4.300000000000000000e+02
3.080000000000000000e+02
4.220000000000000000e+02
5.070000000000000000e+02
5.800000000000000000e+01
4.690000000000000000e+02
6.330000000000000000e+02
4.660000000000000000e+02
1.620000000000000000e+02
3.520000000000000000e+02
4.030000000000000000e+02
6.130000000000000000e+02
2.710000000000000000e+02
2.410000000000000000e+02
1.320000000000000000e+02
6.030000000000000000e+02
5.970000000000000000e+02
6.060000000000000000e+02
3.850000000000000000e+02
1.240000000000000000e+02
4.450000000000000000e+02
4.170000000000000000e+02
5.870000000000000000e+02
1.290000000000000000e+02
6.390000000000000000e+02
2.080000000000000000e+02
5.090000000000000000e+02
2.160000000000000000e+02
2.390000000000000000e+02
4.710000000000000000e+02
4.250000000000000000e+02
6.380000000000000000e+02
4.850000000000000000e+02
3.640000000000000000e+02
3.250000000000000000e+02
3.000000000000000000e+02
3.010000000000000000e+02
5.760000000000000000e+02
6.240000000000000000e+02
6.920000000000000000e+02
1.130000000000000000e+02
4.040000000000000000e+02
6.280000000000000000e+02
2.000000000000000000e+00
5.420000000000000000e+02
1.030000000000000000e+02
3.420000000000000000e+02
6.960000000000000000e+02
3.510000000000000000e+02
2.040000000000000000e+02
4.400000000000000000e+01
1.480000000000000000e+02
3.110000000000000000e+02
5.080000000000000000e+02
7.020000000000000000e+02
6.640000000000000000e+02
4.630000000000000000e+02
3.030000000000000000e+02
4.740000000000000000e+02
6.810000000000000000e+02
5.600000000000000000e+02
5.260000000000000000e+02
5.240000000000000000e+02
1.720000000000000000e+02
3.750000000000000000e+02
3.410000000000000000e+02
1.490000000000000000e+02
1.200000000000000000e+02
2.050000000000000000e+02
5.580000000000000000e+02
4.960000000000000000e+02
4.500000000000000000e+02
6.580000000000000000e+02
3.230000000000000000e+02
3.500000000000000000e+02
6.260000000000000000e+02
6.970000000000000000e+02
4.110000000000000000e+02
1.450000000000000000e+02
6.560000000000000000e+02
2.110000000000000000e+02
1.010000000000000000e+02
3.440000000000000000e+02
5.780000000000000000e+02
2.700000000000000000e+01
1.160000000000000000e+02
2.680000000000000000e+02
1.310000000000000000e+02
6.910000000000000000e+02
4.790000000000000000e+02
3.570000000000000000e+02
3.190000000000000000e+02
1.990000000000000000e+02
1.740000000000000000e+02
1.280000000000000000e+02
6.900000000000000000e+02
5.110000000000000000e+02
2.100000000000000000e+02
1.410000000000000000e+02
1.890000000000000000e+02
