3.670000000000000000e+02
2.020000000000000000e+02
5.020000000000000000e+02
1.370000000000000000e+02
3.490000000000000000e+02
7.020000000000000000e+02
6.300000000000000000e+02
2.870000000000000000e+02
1.290000000000000000e+02
4.870000000000000000e+02
5.720000000000000000e+02
9.600000000000000000e+01
1.030000000000000000e+02
1.190000000000000000e+02
3.880000000000000000e+02
1.640000000000000000e+02
5.910000000000000000e+02
6.520000000000000000e+02
5.040000000000000000e+02
4.060000000000000000e+02
7.000000000000000000e+02
3.150000000000000000e+02
2.280000000000000000e+02
4.310000000000000000e+02
7.670000000000000000e+02
2.750000000000000000e+02
1.980000000000000000e+02
4.040000000000000000e+02
3.700000000000000000e+01
4.570000000000000000e+02
3.670000000000000000e+02
6.570000000000000000e+02
1.600000000000000000e+01
3.760000000000000000e+02
7.610000000000000000e+02
6.590000000000000000e+02
4.710000000000000000e+02
5.900000000000000000e+02
6.530000000000000000e+02
4.570000000000000000e+02
7.360000000000000000e+02
7.420000000000000000e+02
7.060000000000000000e+02
1.070000000000000000e+02
6.910000000000000000e+02
5.400000000000000000e+02
7.410000000000000000e+02
3.370000000000000000e+02
1.600000000000000000e+01
6.180000000000000000e+02
2.290000000000000000e+02
5.420000000000000000e+02
7.750000000000000000e+02
4.410000000000000000e+02
4.930000000000000000e+02
6.250000000000000000e+02
1.290000000000000000e+02
3.650000000000000000e+02
7.910000000000000000e+02
4.540000000000000000e+02
3.080000000000000000e+02
1.930000000000000000e+02
7.980000000000000000e+02
3.260000000000000000e+02
6.950000000000000000e+02
5.090000000000000000e+02
1.520000000000000000e+02
5.150000000000000000e+02
6.110000000000000000e+02
3.380000000000000000e+02
1.610000000000000000e+02
1.810000000000000000e+02
2.870000000000000000e+02
1.680000000000000000e+02
7.310000000000000000e+02
1.170000000000000000e+02
3.140000000000000000e+02
2.540000000000000000e+02
4.020000000000000000e+02
6.590000000000000000e+02
6.400000000000000000e+01
8.130000000000000000e+02
6.370000000000000000e+02
6.640000000000000000e+02
2.220000000000000000e+02
2.800000000000000000e+02
7.950000000000000000e+02
5.200000000000000000e+02
3.870000000000000000e+02
3.680000000000000000e+02
1.420000000000000000e+02
3.030000000000000000e+02
6.760000000000000000e+02
6.870000000000000000e+02
3.640000000000000000e+02
6.200000000000000000e+01
2.620000000000000000e+02
7.370000000000000000e+02
8.150000000000000000e+02
2.040000000000000000e+02
7.380000000000000000e+02
6.890000000000000000e+02
3.700000000000000000e+01
1.860000000000000000e+02
1.060000000000000000e+02
8.230000000000000000e+02
1.990000000000000000e+02
6.490000000000000000e+02
5.280000000000000000e+02
8.160000000000000000e+02
4.960000000000000000e+02
8.190000000000000000e+02
1.620000000000000000e+02
3.950000000000000000e+02
7.320000000000000000e+02
1.550000000000000000e+02
5.570000000000000000e+02
4.000000000000000000e+02
4.470000000000000000e+02
7.090000000000000000e+02
4.290000000000000000e+02
1.530000000000000000e+02
7.610000000000000000e+02
7.090000000000000000e+02
1.600000000000000000e+02
7.280000000000000000e+02
5.410000000000000000e+02
2.070000000000000000e+02
6.000000000000000000e+00
5.950000000000000000e+02
7.710000000000000000e+02
2.100000000000000000e+02
7.250000000000000000e+02
5.510000000000000000e+02
5.780000000000000000e+02
1.380000000000000000e+02
4.860000000000000000e+02
5.600000000000000000e+01
3.830000000000000000e+02
2.730000000000000000e+02
1.600000000000000000e+02
7.310000000000000000e+02
1.520000000000000000e+02
1.110000000000000000e+02
4.430000000000000000e+02
2.500000000000000000e+02
7.240000000000000000e+02
3.540000000000000000e+02
2.140000000000000000e+02
4.950000000000000000e+02
2.290000000000000000e+02
1.760000000000000000e+02
7.500000000000000000e+02
5.500000000000000000e+02
2.440000000000000000e+02
8.040000000000000000e+02
1.500000000000000000e+02
3.950000000000000000e+02
6.530000000000000000e+02
5.940000000000000000e+02
3.680000000000000000e+02
1.280000000000000000e+02
4.990000000000000000e+02
2.560000000000000000e+02
3.490000000000000000e+02
1.140000000000000000e+02
2.870000000000000000e+02
6.070000000000000000e+02
7.850000000000000000e+02
6.970000000000000000e+02
6.610000000000000000e+02
6.880000000000000000e+02
5.530000000000000000e+02
6.490000000000000000e+02
7.410000000000000000e+02
5.800000000000000000e+02
6.120000000000000000e+02
1.820000000000000000e+02
7.340000000000000000e+02
9.300000000000000000e+01
5.320000000000000000e+02
3.620000000000000000e+02
6.330000000000000000e+02
2.170000000000000000e+02
9.000000000000000000e+01
4.490000000000000000e+02
4.280000000000000000e+02
5.270000000000000000e+02
1.290000000000000000e+02
5.480000000000000000e+02
5.740000000000000000e+02
6.570000000000000000e+02
1.460000000000000000e+02
1.460000000000000000e+02
7.960000000000000000e+02
2.580000000000000000e+02
5.930000000000000000e+02
3.950000000000000000e+02
1.820000000000000000e+02
7.510000000000000000e+02
2.160000000000000000e+02
8.030000000000000000e+02
9.000000000000000000e+01
1.800000000000000000e+02
4.140000000000000000e+02
5.050000000000000000e+02
6.860000000000000000e+02
1.090000000000000000e+02
6.140000000000000000e+02
4.440000000000000000e+02
3.540000000000000000e+02
6.440000000000000000e+02
3.300000000000000000e+02
9.000000000000000000e+01
1.120000000000000000e+02
7.720000000000000000e+02
3.070000000000000000e+02
4.400000000000000000e+01
7.800000000000000000e+02
3.030000000000000000e+02
2.000000000000000000e+02
2.130000000000000000e+02
5.120000000000000000e+02
3.630000000000000000e+02
4.980000000000000000e+02
1.030000000000000000e+02
4.410000000000000000e+02
6.700000000000000000e+01
5.970000000000000000e+02
7.380000000000000000e+02
3.480000000000000000e+02
5.360000000000000000e+02
2.550000000000000000e+02
7.960000000000000000e+02
7.200000000000000000e+02
4.830000000000000000e+02
3.270000000000000000e+02
3.670000000000000000e+02
6.340000000000000000e+02
1.720000000000000000e+02
4.400000000000000000e+02
7.460000000000000000e+02
3.960000000000000000e+02
1.210000000000000000e+02
4.830000000000000000e+02
4.170000000000000000e+02
2.230000000000000000e+02
2.510000000000000000e+02
1.560000000000000000e+02
1.400000000000000000e+01
4.740000000000000000e+02
3.130000000000000000e+02
3.830000000000000000e+02
7.560000000000000000e+02
3.850000000000000000e+02
1.970000000000000000e+02
2.160000000000000000e+02
7.200000000000000000e+01
9.400000000000000000e+01
3.650000000000000000e+02
5.420000000000000000e+02
2.940000000000000000e+02
5.770000000000000000e+02
5.670000000000000000e+02
6.670000000000000000e+02
7.470000000000000000e+02
5.460000000000000000e+02
3.760000000000000000e+02
6.900000000000000000e+02
8.050000000000000000e+02
7.280000000000000000e+02
2.700000000000000000e+02
8.160000000000000000e+02
6.410000000000000000e+02
7.380000000000000000e+02
1.870000000000000000e+02
5.060000000000000000e+02
4.470000000000000000e+02
1.610000000000000000e+02
5.790000000000000000e+02
7.100000000000000000e+02
4.980000000000000000e+02
5.780000000000000000e+02
3.150000000000000000e+02
4.820000000000000000e+02
6.670000000000000000e+02
6.500000000000000000e+02
5.410000000000000000e+02
1.710000000000000000e+02
3.950000000000000000e+02
3.320000000000000000e+02
2.080000000000000000e+02
7.020000000000000000e+02
5.970000000000000000e+02
5.950000000000000000e+02
1.170000000000000000e+02
1.470000000000000000e+02
4.220000000000000000e+02
5.840000000000000000e+02
6.520000000000000000e+02
3.650000000000000000e+02
1.300000000000000000e+01
1.090000000000000000e+02
4.290000000000000000e+02
4.680000000000000000e+02
4.390000000000000000e+02
4.860000000000000000e+02
8.180000000000000000e+02
4.690000000000000000e+02
7.730000000000000000e+02
2.870000000000000000e+02
4.140000000000000000e+02
2.600000000000000000e+01
2.420000000000000000e+02
6.470000000000000000e+02
3.980000000000000000e+02
5.430000000000000000e+02
7.900000000000000000e+01
1.800000000000000000e+02
6.910000000000000000e+02
7.220000000000000000e+02
3.880000000000000000e+02
8.140000000000000000e+02
7.200000000000000000e+02
6.160000000000000000e+02
7.900000000000000000e+02
5.370000000000000000e+02
5.130000000000000000e+02
2.890000000000000000e+02
7.720000000000000000e+02
2.630000000000000000e+02
2.430000000000000000e+02
1.590000000000000000e+02
2.330000000000000000e+02
1.990000000000000000e+02
6.090000000000000000e+02
2.800000000000000000e+02
2.610000000000000000e+02
7.040000000000000000e+02
1.450000000000000000e+02
7.040000000000000000e+02
4.400000000000000000e+02
2.780000000000000000e+02
6.950000000000000000e+02
7.230000000000000000e+02
4.310000000000000000e+02
1.600000000000000000e+01
6.310000000000000000e+02
1.650000000000000000e+02
7.680000000000000000e+02
3.810000000000000000e+02
3.460000000000000000e+02
3.030000000000000000e+02
5.830000000000000000e+02
2.350000000000000000e+02
6.900000000000000000e+02
2.950000000000000000e+02
5.470000000000000000e+02
2.250000000000000000e+02
3.080000000000000000e+02
4.120000000000000000e+02
3.890000000000000000e+02
9.400000000000000000e+01
1.050000000000000000e+02
5.410000000000000000e+02
1.340000000000000000e+02
1.000000000000000000e+02
7.790000000000000000e+02
2.200000000000000000e+02
2.290000000000000000e+02
2.810000000000000000e+02
1.320000000000000000e+02
7.730000000000000000e+02
1.570000000000000000e+02
1.090000000000000000e+02
3.420000000000000000e+02
3.400000000000000000e+01
5.900000000000000000e+01
3.680000000000000000e+02
6.830000000000000000e+02
3.270000000000000000e+02
5.340000000000000000e+02
6.220000000000000000e+02
7.900000000000000000e+01
1.960000000000000000e+02
3.490000000000000000e+02
5.530000000000000000e+02
7.360000000000000000e+02
6.630000000000000000e+02
7.390000000000000000e+02
1.600000000000000000e+01
5.010000000000000000e+02
4.100000000000000000e+01
4.750000000000000000e+02
2.490000000000000000e+02
5.590000000000000000e+02
6.340000000000000000e+02
1.600000000000000000e+02
5.580000000000000000e+02
4.950000000000000000e+02
3.710000000000000000e+02
2.420000000000000000e+02
2.640000000000000000e+02
6.670000000000000000e+02
7.020000000000000000e+02
5.540000000000000000e+02
8.210000000000000000e+02
2.080000000000000000e+02
5.100000000000000000e+02
4.200000000000000000e+02
3.090000000000000000e+02
8.190000000000000000e+02
3.480000000000000000e+02
5.990000000000000000e+02
6.610000000000000000e+02
5.430000000000000000e+02
2.160000000000000000e+02
3.000000000000000000e+00
4.380000000000000000e+02
4.590000000000000000e+02
1.070000000000000000e+02
7.330000000000000000e+02
3.220000000000000000e+02
8.190000000000000000e+02
5.290000000000000000e+02
6.630000000000000000e+02
6.120000000000000000e+02
7.720000000000000000e+02
4.510000000000000000e+02
6.020000000000000000e+02
4.420000000000000000e+02
1.850000000000000000e+02
3.240000000000000000e+02
8.140000000000000000e+02
3.260000000000000000e+02
2.700000000000000000e+02
6.700000000000000000e+02
1.140000000000000000e+02
4.380000000000000000e+02
8.900000000000000000e+01
2.640000000000000000e+02
3.410000000000000000e+02
4.860000000000000000e+02
1.340000000000000000e+02
4.000000000000000000e+02
9.900000000000000000e+01
1.640000000000000000e+02
1.800000000000000000e+02
6.100000000000000000e+02
3.870000000000000000e+02
6.810000000000000000e+02
8.000000000000000000e+00
4.170000000000000000e+02
2.250000000000000000e+02
5.330000000000000000e+02
1.230000000000000000e+02
5.330000000000000000e+02
6.520000000000000000e+02
5.980000000000000000e+02
2.020000000000000000e+02
1.560000000000000000e+02
2.040000000000000000e+02
1.070000000000000000e+02
4.580000000000000000e+02
3.670000000000000000e+02
2.460000000000000000e+02
2.100000000000000000e+02
7.560000000000000000e+02
1.170000000000000000e+02
5.450000000000000000e+02
1.650000000000000000e+02
2.980000000000000000e+02
2.730000000000000000e+02
6.970000000000000000e+02
6.900000000000000000e+01
1.460000000000000000e+02
1.130000000000000000e+02
3.900000000000000000e+01
7.230000000000000000e+02
7.230000000000000000e+02
7.120000000000000000e+02
1.340000000000000000e+02
4.650000000000000000e+02
3.980000000000000000e+02
6.890000000000000000e+02
4.060000000000000000e+02
8.010000000000000000e+02
5.880000000000000000e+02
4.160000000000000000e+02
8.060000000000000000e+02
5.750000000000000000e+02
1.810000000000000000e+02
1.110000000000000000e+02
4.160000000000000000e+02
4.010000000000000000e+02
7.050000000000000000e+02
6.640000000000000000e+02
4.160000000000000000e+02
4.950000000000000000e+02
5.330000000000000000e+02
2.070000000000000000e+02
4.170000000000000000e+02
4.310000000000000000e+02
6.560000000000000000e+02
4.740000000000000000e+02
8.100000000000000000e+02
7.490000000000000000e+02
8.200000000000000000e+02
5.410000000000000000e+02
2.980000000000000000e+02
7.010000000000000000e+02
5.600000000000000000e+01
6.110000000000000000e+02
3.880000000000000000e+02
7.440000000000000000e+02
1.710000000000000000e+02
2.310000000000000000e+02
5.290000000000000000e+02
3.030000000000000000e+02
1.130000000000000000e+02
2.620000000000000000e+02
5.340000000000000000e+02
5.790000000000000000e+02
1.970000000000000000e+02
3.420000000000000000e+02
3.730000000000000000e+02
2.500000000000000000e+02
1.450000000000000000e+02
6.040000000000000000e+02
3.990000000000000000e+02
7.320000000000000000e+02
3.920000000000000000e+02
8.000000000000000000e+01
7.480000000000000000e+02
5.420000000000000000e+02
4.100000000000000000e+01
7.000000000000000000e+02
1.880000000000000000e+02
5.200000000000000000e+01
2.600000000000000000e+02
8.020000000000000000e+02
1.540000000000000000e+02
5.100000000000000000e+02
1.930000000000000000e+02
3.630000000000000000e+02
7.540000000000000000e+02
6.070000000000000000e+02
2.000000000000000000e+00
2.640000000000000000e+02
2.470000000000000000e+02
1.130000000000000000e+02
1.040000000000000000e+02
6.880000000000000000e+02
3.100000000000000000e+02
3.000000000000000000e+00
1.730000000000000000e+02
4.830000000000000000e+02
3.100000000000000000e+01
2.940000000000000000e+02
3.600000000000000000e+02
4.860000000000000000e+02
6.780000000000000000e+02
7.940000000000000000e+02
7.400000000000000000e+01
4.300000000000000000e+01
6.240000000000000000e+02
8.210000000000000000e+02
6.900000000000000000e+01
1.990000000000000000e+02
3.810000000000000000e+02
5.910000000000000000e+02
5.690000000000000000e+02
7.470000000000000000e+02
2.780000000000000000e+02
4.070000000000000000e+02
4.610000000000000000e+02
8.080000000000000000e+02
5.060000000000000000e+02
4.290000000000000000e+02
4.060000000000000000e+02
3.510000000000000000e+02
5.740000000000000000e+02
2.320000000000000000e+02
3.870000000000000000e+02
2.700000000000000000e+02
1.840000000000000000e+02
3.650000000000000000e+02
5.600000000000000000e+02
5.970000000000000000e+02
8.160000000000000000e+02
6.590000000000000000e+02
7.560000000000000000e+02
1.560000000000000000e+02
1.220000000000000000e+02
1.570000000000000000e+02
6.970000000000000000e+02
3.780000000000000000e+02
1.510000000000000000e+02
2.010000000000000000e+02
4.200000000000000000e+02
6.420000000000000000e+02
7.400000000000000000e+01
3.700000000000000000e+02
3.600000000000000000e+02
3.250000000000000000e+02
2.780000000000000000e+02
5.900000000000000000e+01
5.730000000000000000e+02
4.660000000000000000e+02
4.130000000000000000e+02
2.900000000000000000e+02
3.100000000000000000e+02
7.960000000000000000e+02
5.410000000000000000e+02
5.800000000000000000e+02
1.500000000000000000e+01
3.450000000000000000e+02
4.050000000000000000e+02
7.400000000000000000e+01
2.260000000000000000e+02
7.750000000000000000e+02
7.050000000000000000e+02
6.410000000000000000e+02
6.340000000000000000e+02
4.310000000000000000e+02
4.820000000000000000e+02
6.990000000000000000e+02
5.860000000000000000e+02
8.220000000000000000e+02
6.330000000000000000e+02
6.440000000000000000e+02
2.770000000000000000e+02
2.710000000000000000e+02
4.830000000000000000e+02
4.130000000000000000e+02
8.060000000000000000e+02
2.460000000000000000e+02
7.370000000000000000e+02
6.010000000000000000e+02
4.000000000000000000e+02
3.510000000000000000e+02
3.100000000000000000e+01
2.220000000000000000e+02
6.870000000000000000e+02
2.680000000000000000e+02
1.060000000000000000e+02
3.720000000000000000e+02
8.150000000000000000e+02
2.000000000000000000e+00
7.160000000000000000e+02
4.900000000000000000e+01
