1.120000000000000000e+02
2.950000000000000000e+02
6.780000000000000000e+02
3.830000000000000000e+02
1.590000000000000000e+02
4.820000000000000000e+02
6.440000000000000000e+02
6.850000000000000000e+02
1.400000000000000000e+01
2.420000000000000000e+02
3.900000000000000000e+01
1.960000000000000000e+02
4.060000000000000000e+02
5.950000000000000000e+02
1.100000000000000000e+02
4.100000000000000000e+01
6.050000000000000000e+02
1.780000000000000000e+02
5.910000000000000000e+02
6.680000000000000000e+02
4.690000000000000000e+02
5.770000000000000000e+02
1.760000000000000000e+02
5.120000000000000000e+02
4.900000000000000000e+01
5.290000000000000000e+02
6.450000000000000000e+02
5.880000000000000000e+02
1.460000000000000000e+02
1.530000000000000000e+02
3.000000000000000000e+02
4.940000000000000000e+02
5.020000000000000000e+02
5.620000000000000000e+02
5.820000000000000000e+02
5.710000000000000000e+02
2.850000000000000000e+02
2.740000000000000000e+02
3.950000000000000000e+02
5.610000000000000000e+02
5.800000000000000000e+01
6.870000000000000000e+02
5.600000000000000000e+01
1.610000000000000000e+02
3.450000000000000000e+02
6.430000000000000000e+02
6.740000000000000000e+02
2.980000000000000000e+02
4.610000000000000000e+02
2.560000000000000000e+02
4.200000000000000000e+01
5.680000000000000000e+02
6.880000000000000000e+02
5.140000000000000000e+02
1.390000000000000000e+02
4.400000000000000000e+01
1.980000000000000000e+02
2.370000000000000000e+02
3.020000000000000000e+02
5.810000000000000000e+02
4.660000000000000000e+02
1.550000000000000000e+02
6.000000000000000000e+00
1.500000000000000000e+01
1.370000000000000000e+02
2.140000000000000000e+02
4.040000000000000000e+02
4.000000000000000000e+00
2.000000000000000000e+01
5.070000000000000000e+02
4.800000000000000000e+02
2.190000000000000000e+02
4.510000000000000000e+02
1.430000000000000000e+02
7.900000000000000000e+01
3.880000000000000000e+02
3.980000000000000000e+02
2.520000000000000000e+02
6.970000000000000000e+02
1.170000000000000000e+02
1.340000000000000000e+02
6.960000000000000000e+02
6.820000000000000000e+02
2.000000000000000000e+00
4.200000000000000000e+02
1.290000000000000000e+02
5.900000000000000000e+02
5.730000000000000000e+02
3.640000000000000000e+02
4.800000000000000000e+01
3.890000000000000000e+02
4.480000000000000000e+02
5.960000000000000000e+02
3.130000000000000000e+02
9.100000000000000000e+01
2.070000000000000000e+02
3.610000000000000000e+02
6.390000000000000000e+02
2.240000000000000000e+02
6.300000000000000000e+02
2.050000000000000000e+02
4.250000000000000000e+02
4.020000000000000000e+02
4.070000000000000000e+02
1.070000000000000000e+02
3.490000000000000000e+02
1.060000000000000000e+02
5.110000000000000000e+02
2.880000000000000000e+02
4.300000000000000000e+01
5.010000000000000000e+02
1.240000000000000000e+02
7.700000000000000000e+01
5.650000000000000000e+02
5.540000000000000000e+02
8.800000000000000000e+01
1.190000000000000000e+02
2.610000000000000000e+02
4.960000000000000000e+02
6.070000000000000000e+02
3.670000000000000000e+02
6.410000000000000000e+02
5.550000000000000000e+02
8.400000000000000000e+01
5.480000000000000000e+02
5.760000000000000000e+02
2.150000000000000000e+02
7.600000000000000000e+01
4.700000000000000000e+01
3.200000000000000000e+01
3.500000000000000000e+02
2.590000000000000000e+02
7.040000000000000000e+02
5.000000000000000000e+01
5.890000000000000000e+02
4.910000000000000000e+02
4.680000000000000000e+02
5.250000000000000000e+02
7.000000000000000000e+01
1.870000000000000000e+02
9.900000000000000000e+01
2.970000000000000000e+02
3.680000000000000000e+02
6.060000000000000000e+02
1.990000000000000000e+02
4.110000000000000000e+02
5.930000000000000000e+02
4.130000000000000000e+02
4.840000000000000000e+02
5.080000000000000000e+02
1.230000000000000000e+02
2.530000000000000000e+02
1.130000000000000000e+02
1.010000000000000000e+02
5.500000000000000000e+02
3.080000000000000000e+02
2.110000000000000000e+02
4.990000000000000000e+02
4.740000000000000000e+02
1.210000000000000000e+02
6.170000000000000000e+02
3.750000000000000000e+02
1.800000000000000000e+01
4.600000000000000000e+02
4.150000000000000000e+02
1.100000000000000000e+01
6.590000000000000000e+02
2.040000000000000000e+02
1.220000000000000000e+02
1.270000000000000000e+02
2.100000000000000000e+02
3.700000000000000000e+01
1.820000000000000000e+02
3.320000000000000000e+02
7.020000000000000000e+02
1.450000000000000000e+02
5.100000000000000000e+02
3.420000000000000000e+02
7.400000000000000000e+01
3.570000000000000000e+02
3.070000000000000000e+02
1.630000000000000000e+02
1.500000000000000000e+02
5.170000000000000000e+02
2.940000000000000000e+02
0.000000000000000000e+00
3.310000000000000000e+02
5.240000000000000000e+02
1.740000000000000000e+02
3.120000000000000000e+02
4.400000000000000000e+02
3.580000000000000000e+02
3.820000000000000000e+02
5.400000000000000000e+02
1.260000000000000000e+02
6.190000000000000000e+02
4.260000000000000000e+02
1.160000000000000000e+02
1.030000000000000000e+02
5.180000000000000000e+02
5.790000000000000000e+02
1.380000000000000000e+02
2.780000000000000000e+02
3.100000000000000000e+02
4.630000000000000000e+02
6.290000000000000000e+02
2.730000000000000000e+02
3.160000000000000000e+02
4.160000000000000000e+02
1.790000000000000000e+02
6.230000000000000000e+02
4.750000000000000000e+02
6.160000000000000000e+02
5.970000000000000000e+02
4.700000000000000000e+02
3.140000000000000000e+02
3.360000000000000000e+02
3.590000000000000000e+02
6.800000000000000000e+01
6.560000000000000000e+02
3.540000000000000000e+02
2.710000000000000000e+02
4.570000000000000000e+02
3.930000000000000000e+02
9.800000000000000000e+01
5.050000000000000000e+02
5.200000000000000000e+02
4.710000000000000000e+02
4.450000000000000000e+02
3.870000000000000000e+02
1.180000000000000000e+02
5.220000000000000000e+02
1.310000000000000000e+02
5.900000000000000000e+01
5.210000000000000000e+02
5.690000000000000000e+02
6.750000000000000000e+02
3.550000000000000000e+02
4.140000000000000000e+02
3.250000000000000000e+02
1.570000000000000000e+02
4.410000000000000000e+02
6.340000000000000000e+02
2.300000000000000000e+01
3.030000000000000000e+02
2.700000000000000000e+01
1.600000000000000000e+01
2.800000000000000000e+02
6.840000000000000000e+02
5.570000000000000000e+02
4.230000000000000000e+02
6.210000000000000000e+02
1.920000000000000000e+02
1.470000000000000000e+02
7.000000000000000000e+00
6.100000000000000000e+02
4.360000000000000000e+02
5.200000000000000000e+01
3.060000000000000000e+02
3.340000000000000000e+02
3.220000000000000000e+02
5.830000000000000000e+02
5.490000000000000000e+02
7.200000000000000000e+01
1.320000000000000000e+02
4.310000000000000000e+02
4.170000000000000000e+02
2.810000000000000000e+02
2.330000000000000000e+02
2.060000000000000000e+02
6.030000000000000000e+02
2.260000000000000000e+02
4.850000000000000000e+02
1.280000000000000000e+02
4.240000000000000000e+02
6.580000000000000000e+02
6.810000000000000000e+02
1.890000000000000000e+02
1.200000000000000000e+02
2.450000000000000000e+02
6.600000000000000000e+01
1.140000000000000000e+02
1.420000000000000000e+02
3.180000000000000000e+02
6.720000000000000000e+02
6.790000000000000000e+02
2.340000000000000000e+02
5.940000000000000000e+02
4.620000000000000000e+02
5.980000000000000000e+02
6.220000000000000000e+02
4.650000000000000000e+02
1.940000000000000000e+02
1.050000000000000000e+02
5.100000000000000000e+01
1.510000000000000000e+02
6.500000000000000000e+01
5.870000000000000000e+02
8.500000000000000000e+01
2.760000000000000000e+02
3.840000000000000000e+02
1.770000000000000000e+02
5.580000000000000000e+02
7.050000000000000000e+02
6.000000000000000000e+02
6.090000000000000000e+02
6.300000000000000000e+01
3.790000000000000000e+02
2.100000000000000000e+01
2.400000000000000000e+02
2.080000000000000000e+02
6.930000000000000000e+02
1.620000000000000000e+02
