6.820000000000000000e+02
6.830000000000000000e+02
6.200000000000000000e+02
3.100000000000000000e+02
6.560000000000000000e+02
4.020000000000000000e+02
9.200000000000000000e+01
2.960000000000000000e+02
3.830000000000000000e+02
1.500000000000000000e+02
2.600000000000000000e+01
4.660000000000000000e+02
1.600000000000000000e+02
4.740000000000000000e+02
1.420000000000000000e+02
3.640000000000000000e+02
3.500000000000000000e+02
3.510000000000000000e+02
3.860000000000000000e+02
3.500000000000000000e+02
5.600000000000000000e+02
3.100000000000000000e+02
3.780000000000000000e+02
5.970000000000000000e+02
7.180000000000000000e+02
4.570000000000000000e+02
6.380000000000000000e+02
6.520000000000000000e+02
1.900000000000000000e+01
2.780000000000000000e+02
7.210000000000000000e+02
5.320000000000000000e+02
6.600000000000000000e+02
8.050000000000000000e+02
4.500000000000000000e+01
7.710000000000000000e+02
5.910000000000000000e+02
7.200000000000000000e+01
3.010000000000000000e+02
6.830000000000000000e+02
3.850000000000000000e+02
3.400000000000000000e+01
2.490000000000000000e+02
6.490000000000000000e+02
4.340000000000000000e+02
1.950000000000000000e+02
2.420000000000000000e+02
2.950000000000000000e+02
7.420000000000000000e+02
1.150000000000000000e+02
8.110000000000000000e+02
2.490000000000000000e+02
5.390000000000000000e+02
3.010000000000000000e+02
4.130000000000000000e+02
7.770000000000000000e+02
2.320000000000000000e+02
2.270000000000000000e+02
4.700000000000000000e+02
3.730000000000000000e+02
7.050000000000000000e+02
2.440000000000000000e+02
9.800000000000000000e+01
7.010000000000000000e+02
7.000000000000000000e+02
3.590000000000000000e+02
6.890000000000000000e+02
6.870000000000000000e+02
6.250000000000000000e+02
6.470000000000000000e+02
4.040000000000000000e+02
1.100000000000000000e+01
3.640000000000000000e+02
5.500000000000000000e+02
6.720000000000000000e+02
6.730000000000000000e+02
2.340000000000000000e+02
4.710000000000000000e+02
6.000000000000000000e+02
3.070000000000000000e+02
3.350000000000000000e+02
2.440000000000000000e+02
3.450000000000000000e+02
6.640000000000000000e+02
1.950000000000000000e+02
7.310000000000000000e+02
1.360000000000000000e+02
7.610000000000000000e+02
4.510000000000000000e+02
2.320000000000000000e+02
7.730000000000000000e+02
5.930000000000000000e+02
4.060000000000000000e+02
7.930000000000000000e+02
8.900000000000000000e+01
2.090000000000000000e+02
5.290000000000000000e+02
6.450000000000000000e+02
6.850000000000000000e+02
1.730000000000000000e+02
4.540000000000000000e+02
9.700000000000000000e+01
1.350000000000000000e+02
5.390000000000000000e+02
4.610000000000000000e+02
6.120000000000000000e+02
4.620000000000000000e+02
5.590000000000000000e+02
7.540000000000000000e+02
8.140000000000000000e+02
1.960000000000000000e+02
8.900000000000000000e+01
7.900000000000000000e+01
6.040000000000000000e+02
5.800000000000000000e+01
2.140000000000000000e+02
6.410000000000000000e+02
6.370000000000000000e+02
2.560000000000000000e+02
5.740000000000000000e+02
4.110000000000000000e+02
5.010000000000000000e+02
8.190000000000000000e+02
7.190000000000000000e+02
6.590000000000000000e+02
3.610000000000000000e+02
3.880000000000000000e+02
5.480000000000000000e+02
4.470000000000000000e+02
9.200000000000000000e+01
1.500000000000000000e+02
1.690000000000000000e+02
1.060000000000000000e+02
5.480000000000000000e+02
1.060000000000000000e+02
4.740000000000000000e+02
9.000000000000000000e+00
3.240000000000000000e+02
7.100000000000000000e+02
2.270000000000000000e+02
2.680000000000000000e+02
2.330000000000000000e+02
2.250000000000000000e+02
4.680000000000000000e+02
4.460000000000000000e+02
7.970000000000000000e+02
5.310000000000000000e+02
7.460000000000000000e+02
7.180000000000000000e+02
7.310000000000000000e+02
7.260000000000000000e+02
3.460000000000000000e+02
2.010000000000000000e+02
2.120000000000000000e+02
6.160000000000000000e+02
3.180000000000000000e+02
2.600000000000000000e+02
1.250000000000000000e+02
4.450000000000000000e+02
5.310000000000000000e+02
3.200000000000000000e+01
1.420000000000000000e+02
3.900000000000000000e+01
5.480000000000000000e+02
6.400000000000000000e+01
5.900000000000000000e+02
8.900000000000000000e+01
7.900000000000000000e+01
1.600000000000000000e+02
3.200000000000000000e+02
7.940000000000000000e+02
2.520000000000000000e+02
5.010000000000000000e+02
2.550000000000000000e+02
4.000000000000000000e+01
2.370000000000000000e+02
4.710000000000000000e+02
5.170000000000000000e+02
6.760000000000000000e+02
4.170000000000000000e+02
3.670000000000000000e+02
6.090000000000000000e+02
4.020000000000000000e+02
6.000000000000000000e+02
4.400000000000000000e+02
6.050000000000000000e+02
3.630000000000000000e+02
7.850000000000000000e+02
3.660000000000000000e+02
2.250000000000000000e+02
6.100000000000000000e+01
3.710000000000000000e+02
1.380000000000000000e+02
2.610000000000000000e+02
7.000000000000000000e+00
4.590000000000000000e+02
2.520000000000000000e+02
7.490000000000000000e+02
5.250000000000000000e+02
1.800000000000000000e+02
7.000000000000000000e+02
3.720000000000000000e+02
5.870000000000000000e+02
7.390000000000000000e+02
6.050000000000000000e+02
7.360000000000000000e+02
4.430000000000000000e+02
7.000000000000000000e+01
3.510000000000000000e+02
3.400000000000000000e+02
3.180000000000000000e+02
4.180000000000000000e+02
4.690000000000000000e+02
3.200000000000000000e+01
2.300000000000000000e+02
4.480000000000000000e+02
2.420000000000000000e+02
4.390000000000000000e+02
1.930000000000000000e+02
4.010000000000000000e+02
6.960000000000000000e+02
3.130000000000000000e+02
4.800000000000000000e+01
4.650000000000000000e+02
6.400000000000000000e+01
6.520000000000000000e+02
3.900000000000000000e+02
5.500000000000000000e+02
1.430000000000000000e+02
3.960000000000000000e+02
5.010000000000000000e+02
2.240000000000000000e+02
9.900000000000000000e+01
2.250000000000000000e+02
2.560000000000000000e+02
5.510000000000000000e+02
6.470000000000000000e+02
4.990000000000000000e+02
6.150000000000000000e+02
8.150000000000000000e+02
5.860000000000000000e+02
5.750000000000000000e+02
6.390000000000000000e+02
2.960000000000000000e+02
8.100000000000000000e+01
1.060000000000000000e+02
1.880000000000000000e+02
2.840000000000000000e+02
9.000000000000000000e+01
3.130000000000000000e+02
7.390000000000000000e+02
1.740000000000000000e+02
1.350000000000000000e+02
5.170000000000000000e+02
3.700000000000000000e+01
5.970000000000000000e+02
5.640000000000000000e+02
3.140000000000000000e+02
5.660000000000000000e+02
3.420000000000000000e+02
3.130000000000000000e+02
1.730000000000000000e+02
5.360000000000000000e+02
3.470000000000000000e+02
6.310000000000000000e+02
6.700000000000000000e+01
3.460000000000000000e+02
2.350000000000000000e+02
6.300000000000000000e+02
7.710000000000000000e+02
8.000000000000000000e+01
3.950000000000000000e+02
6.240000000000000000e+02
6.290000000000000000e+02
6.780000000000000000e+02
3.660000000000000000e+02
3.300000000000000000e+02
5.550000000000000000e+02
3.260000000000000000e+02
4.200000000000000000e+01
5.630000000000000000e+02
6.900000000000000000e+02
1.540000000000000000e+02
1.020000000000000000e+02
6.850000000000000000e+02
2.460000000000000000e+02
2.550000000000000000e+02
7.050000000000000000e+02
3.880000000000000000e+02
3.140000000000000000e+02
7.680000000000000000e+02
9.300000000000000000e+01
7.900000000000000000e+01
7.880000000000000000e+02
5.290000000000000000e+02
2.010000000000000000e+02
3.400000000000000000e+02
3.020000000000000000e+02
7.840000000000000000e+02
7.650000000000000000e+02
2.520000000000000000e+02
3.370000000000000000e+02
4.290000000000000000e+02
1.220000000000000000e+02
6.860000000000000000e+02
5.540000000000000000e+02
5.460000000000000000e+02
1.420000000000000000e+02
4.170000000000000000e+02
3.600000000000000000e+02
3.920000000000000000e+02
1.660000000000000000e+02
7.270000000000000000e+02
1.110000000000000000e+02
1.550000000000000000e+02
4.200000000000000000e+02
6.230000000000000000e+02
2.080000000000000000e+02
3.540000000000000000e+02
5.260000000000000000e+02
4.310000000000000000e+02
1.190000000000000000e+02
3.050000000000000000e+02
2.320000000000000000e+02
3.130000000000000000e+02
7.500000000000000000e+02
9.800000000000000000e+01
2.880000000000000000e+02
9.700000000000000000e+01
3.750000000000000000e+02
6.050000000000000000e+02
4.810000000000000000e+02
2.540000000000000000e+02
2.800000000000000000e+02
6.410000000000000000e+02
6.840000000000000000e+02
1.150000000000000000e+02
7.010000000000000000e+02
6.540000000000000000e+02
5.250000000000000000e+02
4.420000000000000000e+02
4.330000000000000000e+02
5.420000000000000000e+02
5.440000000000000000e+02
3.290000000000000000e+02
6.680000000000000000e+02
5.000000000000000000e+00
1.060000000000000000e+02
1.880000000000000000e+02
3.700000000000000000e+01
3.720000000000000000e+02
7.700000000000000000e+02
5.780000000000000000e+02
2.680000000000000000e+02
8.090000000000000000e+02
8.500000000000000000e+01
1.350000000000000000e+02
3.620000000000000000e+02
3.730000000000000000e+02
3.000000000000000000e+02
4.650000000000000000e+02
7.780000000000000000e+02
5.470000000000000000e+02
1.470000000000000000e+02
8.080000000000000000e+02
7.000000000000000000e+01
7.780000000000000000e+02
4.410000000000000000e+02
2.240000000000000000e+02
4.870000000000000000e+02
9.600000000000000000e+01
1.700000000000000000e+02
3.400000000000000000e+01
1.890000000000000000e+02
3.450000000000000000e+02
5.600000000000000000e+01
7.250000000000000000e+02
5.940000000000000000e+02
1.100000000000000000e+01
5.170000000000000000e+02
5.500000000000000000e+02
4.380000000000000000e+02
3.490000000000000000e+02
2.720000000000000000e+02
1.810000000000000000e+02
7.900000000000000000e+02
5.640000000000000000e+02
7.020000000000000000e+02
7.010000000000000000e+02
7.390000000000000000e+02
3.350000000000000000e+02
7.790000000000000000e+02
3.470000000000000000e+02
4.970000000000000000e+02
1.940000000000000000e+02
6.630000000000000000e+02
2.940000000000000000e+02
1.960000000000000000e+02
9.200000000000000000e+01
4.360000000000000000e+02
7.510000000000000000e+02
7.800000000000000000e+02
2.500000000000000000e+01
1.210000000000000000e+02
5.430000000000000000e+02
5.310000000000000000e+02
7.720000000000000000e+02
5.680000000000000000e+02
5.660000000000000000e+02
2.660000000000000000e+02
4.650000000000000000e+02
2.200000000000000000e+02
4.640000000000000000e+02
6.670000000000000000e+02
2.760000000000000000e+02
3.930000000000000000e+02
2.200000000000000000e+02
4.700000000000000000e+02
7.180000000000000000e+02
5.280000000000000000e+02
6.340000000000000000e+02
7.070000000000000000e+02
7.390000000000000000e+02
3.460000000000000000e+02
4.020000000000000000e+02
7.440000000000000000e+02
7.340000000000000000e+02
3.870000000000000000e+02
5.840000000000000000e+02
4.700000000000000000e+02
5.770000000000000000e+02
1.360000000000000000e+02
5.780000000000000000e+02
5.290000000000000000e+02
7.310000000000000000e+02
6.070000000000000000e+02
5.860000000000000000e+02
3.870000000000000000e+02
4.620000000000000000e+02
3.780000000000000000e+02
4.520000000000000000e+02
6.910000000000000000e+02
7.450000000000000000e+02
6.990000000000000000e+02
3.760000000000000000e+02
3.370000000000000000e+02
5.150000000000000000e+02
2.100000000000000000e+02
4.200000000000000000e+01
2.010000000000000000e+02
6.680000000000000000e+02
4.810000000000000000e+02
2.220000000000000000e+02
2.710000000000000000e+02
1.410000000000000000e+02
3.250000000000000000e+02
7.000000000000000000e+00
2.260000000000000000e+02
1.550000000000000000e+02
4.650000000000000000e+02
5.750000000000000000e+02
1.610000000000000000e+02
1.350000000000000000e+02
7.880000000000000000e+02
1.600000000000000000e+02
6.950000000000000000e+02
4.180000000000000000e+02
5.700000000000000000e+01
8.190000000000000000e+02
2.590000000000000000e+02
3.600000000000000000e+02
2.440000000000000000e+02
3.860000000000000000e+02
7.210000000000000000e+02
6.680000000000000000e+02
5.900000000000000000e+02
7.000000000000000000e+01
2.340000000000000000e+02
2.220000000000000000e+02
2.610000000000000000e+02
8.030000000000000000e+02
5.810000000000000000e+02
6.700000000000000000e+02
8.040000000000000000e+02
1.680000000000000000e+02
1.220000000000000000e+02
2.940000000000000000e+02
4.600000000000000000e+01
4.290000000000000000e+02
4.410000000000000000e+02
7.260000000000000000e+02
5.660000000000000000e+02
4.860000000000000000e+02
2.470000000000000000e+02
5.700000000000000000e+01
4.610000000000000000e+02
3.810000000000000000e+02
7.800000000000000000e+02
2.980000000000000000e+02
7.540000000000000000e+02
5.790000000000000000e+02
1.560000000000000000e+02
3.420000000000000000e+02
7.180000000000000000e+02
5.620000000000000000e+02
3.930000000000000000e+02
7.640000000000000000e+02
5.550000000000000000e+02
5.800000000000000000e+02
1.840000000000000000e+02
4.100000000000000000e+01
6.950000000000000000e+02
5.620000000000000000e+02
5.870000000000000000e+02
6.760000000000000000e+02
3.920000000000000000e+02
3.070000000000000000e+02
6.970000000000000000e+02
8.600000000000000000e+01
4.900000000000000000e+01
4.200000000000000000e+02
9.700000000000000000e+01
3.000000000000000000e+00
4.010000000000000000e+02
2.230000000000000000e+02
5.900000000000000000e+02
7.270000000000000000e+02
2.350000000000000000e+02
6.430000000000000000e+02
3.750000000000000000e+02
1.870000000000000000e+02
1.120000000000000000e+02
3.330000000000000000e+02
4.310000000000000000e+02
6.340000000000000000e+02
2.300000000000000000e+02
6.200000000000000000e+02
2.680000000000000000e+02
7.900000000000000000e+01
4.580000000000000000e+02
3.850000000000000000e+02
1.490000000000000000e+02
7.200000000000000000e+02
2.770000000000000000e+02
6.890000000000000000e+02
4.540000000000000000e+02
7.730000000000000000e+02
6.980000000000000000e+02
4.200000000000000000e+02
7.200000000000000000e+02
1.170000000000000000e+02
7.810000000000000000e+02
3.670000000000000000e+02
9.900000000000000000e+01
2.020000000000000000e+02
7.840000000000000000e+02
3.540000000000000000e+02
3.200000000000000000e+02
6.410000000000000000e+02
4.870000000000000000e+02
3.890000000000000000e+02
6.630000000000000000e+02
5.630000000000000000e+02
1.940000000000000000e+02
1.900000000000000000e+01
7.500000000000000000e+02
4.020000000000000000e+02
2.600000000000000000e+01
1.410000000000000000e+02
8.200000000000000000e+02
5.020000000000000000e+02
2.410000000000000000e+02
2.230000000000000000e+02
2.370000000000000000e+02
6.040000000000000000e+02
1.810000000000000000e+02
3.920000000000000000e+02
5.900000000000000000e+01
4.000000000000000000e+02
3.510000000000000000e+02
8.000000000000000000e+01
3.320000000000000000e+02
2.760000000000000000e+02
6.390000000000000000e+02
2.590000000000000000e+02
1.890000000000000000e+02
7.490000000000000000e+02
6.010000000000000000e+02
2.290000000000000000e+02
1.590000000000000000e+02
8.040000000000000000e+02
6.870000000000000000e+02
2.500000000000000000e+01
7.710000000000000000e+02
6.810000000000000000e+02
2.170000000000000000e+02
4.440000000000000000e+02
1.510000000000000000e+02
2.260000000000000000e+02
3.730000000000000000e+02
4.020000000000000000e+02
4.450000000000000000e+02
1.710000000000000000e+02
7.110000000000000000e+02
4.200000000000000000e+01
3.700000000000000000e+01
6.300000000000000000e+02
5.970000000000000000e+02
5.970000000000000000e+02
6.390000000000000000e+02
6.420000000000000000e+02
9.400000000000000000e+01
4.420000000000000000e+02
3.080000000000000000e+02
1.170000000000000000e+02
2.750000000000000000e+02
4.660000000000000000e+02
2.800000000000000000e+02
3.590000000000000000e+02
7.000000000000000000e+02
3.560000000000000000e+02
3.560000000000000000e+02
8.170000000000000000e+02
4.740000000000000000e+02
3.070000000000000000e+02
3.920000000000000000e+02
6.900000000000000000e+02
3.850000000000000000e+02
4.870000000000000000e+02
1.850000000000000000e+02
7.710000000000000000e+02
5.540000000000000000e+02
6.890000000000000000e+02
1.070000000000000000e+02
2.710000000000000000e+02
4.410000000000000000e+02
7.270000000000000000e+02
6.560000000000000000e+02
3.480000000000000000e+02
7.060000000000000000e+02
4.390000000000000000e+02
1.410000000000000000e+02
4.430000000000000000e+02
1.220000000000000000e+02
4.930000000000000000e+02
3.050000000000000000e+02
6.860000000000000000e+02
6.680000000000000000e+02
2.100000000000000000e+01
5.790000000000000000e+02
3.830000000000000000e+02
