6.190000000000000000e+02
5.100000000000000000e+02
3.090000000000000000e+02
1.930000000000000000e+02
2.300000000000000000e+01
4.130000000000000000e+02
5.220000000000000000e+02
1.990000000000000000e+02
7.050000000000000000e+02
6.080000000000000000e+02
4.820000000000000000e+02
3.900000000000000000e+02
6.810000000000000000e+02
6.430000000000000000e+02
1.450000000000000000e+02
2.310000000000000000e+02
3.150000000000000000e+02
2.180000000000000000e+02
0.000000000000000000e+00
1.570000000000000000e+02
3.310000000000000000e+02
5.600000000000000000e+02
4.360000000000000000e+02
5.110000000000000000e+02
1.980000000000000000e+02
5.400000000000000000e+02
2.370000000000000000e+02
6.640000000000000000e+02
1.620000000000000000e+02
6.300000000000000000e+02
2.670000000000000000e+02
6.210000000000000000e+02
4.090000000000000000e+02
1.260000000000000000e+02
3.680000000000000000e+02
8.300000000000000000e+01
4.100000000000000000e+01
2.050000000000000000e+02
6.450000000000000000e+02
6.150000000000000000e+02
2.250000000000000000e+02
1.870000000000000000e+02
1.920000000000000000e+02
4.680000000000000000e+02
5.820000000000000000e+02
6.550000000000000000e+02
5.470000000000000000e+02
6.870000000000000000e+02
4.900000000000000000e+01
4.880000000000000000e+02
5.640000000000000000e+02
5.490000000000000000e+02
6.880000000000000000e+02
1.400000000000000000e+02
7.300000000000000000e+01
5.650000000000000000e+02
4.180000000000000000e+02
2.530000000000000000e+02
1.510000000000000000e+02
4.320000000000000000e+02
4.750000000000000000e+02
5.160000000000000000e+02
2.120000000000000000e+02
1.590000000000000000e+02
2.780000000000000000e+02
2.130000000000000000e+02
1.660000000000000000e+02
6.830000000000000000e+02
4.310000000000000000e+02
1.230000000000000000e+02
6.000000000000000000e+02
1.160000000000000000e+02
3.930000000000000000e+02
2.110000000000000000e+02
5.790000000000000000e+02
4.940000000000000000e+02
3.320000000000000000e+02
6.130000000000000000e+02
5.940000000000000000e+02
4.080000000000000000e+02
6.360000000000000000e+02
4.800000000000000000e+02
6.230000000000000000e+02
2.190000000000000000e+02
6.470000000000000000e+02
6.400000000000000000e+01
7.000000000000000000e+02
5.000000000000000000e+02
4.300000000000000000e+01
5.390000000000000000e+02
4.400000000000000000e+01
2.850000000000000000e+02
1.580000000000000000e+02
2.060000000000000000e+02
5.120000000000000000e+02
6.000000000000000000e+00
5.700000000000000000e+01
9.100000000000000000e+01
6.030000000000000000e+02
2.940000000000000000e+02
