4.700000000000000000e+01
6.700000000000000000e+01
7.750000000000000000e+02
7.360000000000000000e+02
6.570000000000000000e+02
8.140000000000000000e+02
7.680000000000000000e+02
3.830000000000000000e+02
1.190000000000000000e+02
4.420000000000000000e+02
7.960000000000000000e+02
9.300000000000000000e+01
5.450000000000000000e+02
3.690000000000000000e+02
4.860000000000000000e+02
2.400000000000000000e+01
5.450000000000000000e+02
1.230000000000000000e+02
6.200000000000000000e+02
3.650000000000000000e+02
2.470000000000000000e+02
2.750000000000000000e+02
3.700000000000000000e+02
1.170000000000000000e+02
1.590000000000000000e+02
5.260000000000000000e+02
4.940000000000000000e+02
4.330000000000000000e+02
6.380000000000000000e+02
6.620000000000000000e+02
7.320000000000000000e+02
5.130000000000000000e+02
3.670000000000000000e+02
6.300000000000000000e+02
6.360000000000000000e+02
5.820000000000000000e+02
5.030000000000000000e+02
7.970000000000000000e+02
7.180000000000000000e+02
5.260000000000000000e+02
4.440000000000000000e+02
4.810000000000000000e+02
6.450000000000000000e+02
5.460000000000000000e+02
3.850000000000000000e+02
1.990000000000000000e+02
6.140000000000000000e+02
9.900000000000000000e+01
5.730000000000000000e+02
6.520000000000000000e+02
3.450000000000000000e+02
6.810000000000000000e+02
3.200000000000000000e+02
6.880000000000000000e+02
5.860000000000000000e+02
5.770000000000000000e+02
2.640000000000000000e+02
7.420000000000000000e+02
5.930000000000000000e+02
6.860000000000000000e+02
8.050000000000000000e+02
4.650000000000000000e+02
4.340000000000000000e+02
5.100000000000000000e+02
4.000000000000000000e+02
3.320000000000000000e+02
2.280000000000000000e+02
3.080000000000000000e+02
4.990000000000000000e+02
4.930000000000000000e+02
7.820000000000000000e+02
5.470000000000000000e+02
1.490000000000000000e+02
2.930000000000000000e+02
6.990000000000000000e+02
5.700000000000000000e+01
7.420000000000000000e+02
4.040000000000000000e+02
5.200000000000000000e+01
5.250000000000000000e+02
2.810000000000000000e+02
2.310000000000000000e+02
2.730000000000000000e+02
7.300000000000000000e+02
2.890000000000000000e+02
5.600000000000000000e+01
1.660000000000000000e+02
2.340000000000000000e+02
9.100000000000000000e+01
7.750000000000000000e+02
4.710000000000000000e+02
4.490000000000000000e+02
5.570000000000000000e+02
3.380000000000000000e+02
2.980000000000000000e+02
7.640000000000000000e+02
5.550000000000000000e+02
6.150000000000000000e+02
1.840000000000000000e+02
3.080000000000000000e+02
2.000000000000000000e+02
4.590000000000000000e+02
4.590000000000000000e+02
7.900000000000000000e+01
6.760000000000000000e+02
4.690000000000000000e+02
4.510000000000000000e+02
5.820000000000000000e+02
6.640000000000000000e+02
5.140000000000000000e+02
7.650000000000000000e+02
4.290000000000000000e+02
4.810000000000000000e+02
1.600000000000000000e+01
1.380000000000000000e+02
1.300000000000000000e+01
3.780000000000000000e+02
2.950000000000000000e+02
7.670000000000000000e+02
1.700000000000000000e+02
1.340000000000000000e+02
5.690000000000000000e+02
3.000000000000000000e+02
7.880000000000000000e+02
1.270000000000000000e+02
4.640000000000000000e+02
8.100000000000000000e+02
5.500000000000000000e+02
8.040000000000000000e+02
7.400000000000000000e+01
2.170000000000000000e+02
2.940000000000000000e+02
8.190000000000000000e+02
4.740000000000000000e+02
2.620000000000000000e+02
7.200000000000000000e+02
5.430000000000000000e+02
9.800000000000000000e+01
2.680000000000000000e+02
4.620000000000000000e+02
1.600000000000000000e+02
3.710000000000000000e+02
2.520000000000000000e+02
9.000000000000000000e+01
6.320000000000000000e+02
5.560000000000000000e+02
5.970000000000000000e+02
4.860000000000000000e+02
6.020000000000000000e+02
5.670000000000000000e+02
2.240000000000000000e+02
2.930000000000000000e+02
7.480000000000000000e+02
5.200000000000000000e+01
8.050000000000000000e+02
7.920000000000000000e+02
2.290000000000000000e+02
6.310000000000000000e+02
7.200000000000000000e+02
5.570000000000000000e+02
1.690000000000000000e+02
7.980000000000000000e+02
1.650000000000000000e+02
4.370000000000000000e+02
1.130000000000000000e+02
8.230000000000000000e+02
7.650000000000000000e+02
4.450000000000000000e+02
1.030000000000000000e+02
5.170000000000000000e+02
2.820000000000000000e+02
3.070000000000000000e+02
2.370000000000000000e+02
1.380000000000000000e+02
5.590000000000000000e+02
2.850000000000000000e+02
4.930000000000000000e+02
7.400000000000000000e+01
6.070000000000000000e+02
5.400000000000000000e+02
6.570000000000000000e+02
5.790000000000000000e+02
1.080000000000000000e+02
4.860000000000000000e+02
5.350000000000000000e+02
6.370000000000000000e+02
3.420000000000000000e+02
4.050000000000000000e+02
5.870000000000000000e+02
2.400000000000000000e+01
4.330000000000000000e+02
6.150000000000000000e+02
3.700000000000000000e+01
5.600000000000000000e+01
7.770000000000000000e+02
5.800000000000000000e+02
3.140000000000000000e+02
5.230000000000000000e+02
5.690000000000000000e+02
5.810000000000000000e+02
2.470000000000000000e+02
5.090000000000000000e+02
1.570000000000000000e+02
4.770000000000000000e+02
2.380000000000000000e+02
6.700000000000000000e+01
3.550000000000000000e+02
7.950000000000000000e+02
3.100000000000000000e+02
2.640000000000000000e+02
4.330000000000000000e+02
1.370000000000000000e+02
2.370000000000000000e+02
5.680000000000000000e+02
7.720000000000000000e+02
2.610000000000000000e+02
6.610000000000000000e+02
6.220000000000000000e+02
1.280000000000000000e+02
4.990000000000000000e+02
2.100000000000000000e+01
4.590000000000000000e+02
4.880000000000000000e+02
7.980000000000000000e+02
7.770000000000000000e+02
2.070000000000000000e+02
1.670000000000000000e+02
7.540000000000000000e+02
2.880000000000000000e+02
5.460000000000000000e+02
3.700000000000000000e+01
4.220000000000000000e+02
2.190000000000000000e+02
6.370000000000000000e+02
6.360000000000000000e+02
5.600000000000000000e+02
4.600000000000000000e+01
8.210000000000000000e+02
5.770000000000000000e+02
4.740000000000000000e+02
6.570000000000000000e+02
5.530000000000000000e+02
4.640000000000000000e+02
1.710000000000000000e+02
7.500000000000000000e+02
2.130000000000000000e+02
3.550000000000000000e+02
1.000000000000000000e+00
3.100000000000000000e+02
8.100000000000000000e+01
4.580000000000000000e+02
5.850000000000000000e+02
2.330000000000000000e+02
8.170000000000000000e+02
8.180000000000000000e+02
7.440000000000000000e+02
1.400000000000000000e+02
1.830000000000000000e+02
8.900000000000000000e+01
2.880000000000000000e+02
6.250000000000000000e+02
1.360000000000000000e+02
3.450000000000000000e+02
8.190000000000000000e+02
1.780000000000000000e+02
6.190000000000000000e+02
2.350000000000000000e+02
1.210000000000000000e+02
7.950000000000000000e+02
3.360000000000000000e+02
5.410000000000000000e+02
6.860000000000000000e+02
5.560000000000000000e+02
5.770000000000000000e+02
6.470000000000000000e+02
2.350000000000000000e+02
6.100000000000000000e+02
5.270000000000000000e+02
5.850000000000000000e+02
5.140000000000000000e+02
1.670000000000000000e+02
6.670000000000000000e+02
2.410000000000000000e+02
9.000000000000000000e+01
1.600000000000000000e+01
3.450000000000000000e+02
6.110000000000000000e+02
1.000000000000000000e+01
3.730000000000000000e+02
7.610000000000000000e+02
1.780000000000000000e+02
2.000000000000000000e+02
5.330000000000000000e+02
2.020000000000000000e+02
7.950000000000000000e+02
3.550000000000000000e+02
4.980000000000000000e+02
5.570000000000000000e+02
3.150000000000000000e+02
7.940000000000000000e+02
8.080000000000000000e+02
1.170000000000000000e+02
5.150000000000000000e+02
3.750000000000000000e+02
3.290000000000000000e+02
6.370000000000000000e+02
5.880000000000000000e+02
4.770000000000000000e+02
9.100000000000000000e+01
3.860000000000000000e+02
7.360000000000000000e+02
6.400000000000000000e+02
4.100000000000000000e+01
4.200000000000000000e+01
2.420000000000000000e+02
6.830000000000000000e+02
4.430000000000000000e+02
4.280000000000000000e+02
5.260000000000000000e+02
1.230000000000000000e+02
2.350000000000000000e+02
4.700000000000000000e+02
4.670000000000000000e+02
6.810000000000000000e+02
1.820000000000000000e+02
3.950000000000000000e+02
4.630000000000000000e+02
2.090000000000000000e+02
2.600000000000000000e+01
6.130000000000000000e+02
1.130000000000000000e+02
4.810000000000000000e+02
4.980000000000000000e+02
1.230000000000000000e+02
6.300000000000000000e+01
7.710000000000000000e+02
6.560000000000000000e+02
4.520000000000000000e+02
6.000000000000000000e+00
1.900000000000000000e+01
6.400000000000000000e+02
2.120000000000000000e+02
1.300000000000000000e+01
3.700000000000000000e+02
7.780000000000000000e+02
4.130000000000000000e+02
9.700000000000000000e+01
5.740000000000000000e+02
4.630000000000000000e+02
2.090000000000000000e+02
5.030000000000000000e+02
5.750000000000000000e+02
1.080000000000000000e+02
4.520000000000000000e+02
7.930000000000000000e+02
5.900000000000000000e+01
4.070000000000000000e+02
5.050000000000000000e+02
7.950000000000000000e+02
6.310000000000000000e+02
8.010000000000000000e+02
2.100000000000000000e+02
2.780000000000000000e+02
3.570000000000000000e+02
4.540000000000000000e+02
2.600000000000000000e+02
1.500000000000000000e+01
5.990000000000000000e+02
7.480000000000000000e+02
1.150000000000000000e+02
6.000000000000000000e+02
4.830000000000000000e+02
5.540000000000000000e+02
2.420000000000000000e+02
2.600000000000000000e+02
6.410000000000000000e+02
4.960000000000000000e+02
5.640000000000000000e+02
4.450000000000000000e+02
7.160000000000000000e+02
4.700000000000000000e+02
6.090000000000000000e+02
1.860000000000000000e+02
1.320000000000000000e+02
7.560000000000000000e+02
1.450000000000000000e+02
6.140000000000000000e+02
1.150000000000000000e+02
8.800000000000000000e+01
8.160000000000000000e+02
4.330000000000000000e+02
8.010000000000000000e+02
4.450000000000000000e+02
3.140000000000000000e+02
7.120000000000000000e+02
3.080000000000000000e+02
3.080000000000000000e+02
3.330000000000000000e+02
5.840000000000000000e+02
7.460000000000000000e+02
9.000000000000000000e+01
7.430000000000000000e+02
7.840000000000000000e+02
4.690000000000000000e+02
4.660000000000000000e+02
5.970000000000000000e+02
3.700000000000000000e+01
4.660000000000000000e+02
2.360000000000000000e+02
6.750000000000000000e+02
7.330000000000000000e+02
7.350000000000000000e+02
2.730000000000000000e+02
6.070000000000000000e+02
3.350000000000000000e+02
4.610000000000000000e+02
3.350000000000000000e+02
3.920000000000000000e+02
6.240000000000000000e+02
6.900000000000000000e+01
7.810000000000000000e+02
4.990000000000000000e+02
2.520000000000000000e+02
7.050000000000000000e+02
4.050000000000000000e+02
4.540000000000000000e+02
3.980000000000000000e+02
3.540000000000000000e+02
1.990000000000000000e+02
4.130000000000000000e+02
6.350000000000000000e+02
6.000000000000000000e+02
7.370000000000000000e+02
5.500000000000000000e+02
7.000000000000000000e+02
3.680000000000000000e+02
8.030000000000000000e+02
4.560000000000000000e+02
6.860000000000000000e+02
8.160000000000000000e+02
5.400000000000000000e+02
5.730000000000000000e+02
7.820000000000000000e+02
4.420000000000000000e+02
7.320000000000000000e+02
4.010000000000000000e+02
1.650000000000000000e+02
3.600000000000000000e+02
3.330000000000000000e+02
9.200000000000000000e+01
1.400000000000000000e+01
7.850000000000000000e+02
5.140000000000000000e+02
5.270000000000000000e+02
3.610000000000000000e+02
2.600000000000000000e+02
1.170000000000000000e+02
2.850000000000000000e+02
2.860000000000000000e+02
2.820000000000000000e+02
6.310000000000000000e+02
7.820000000000000000e+02
3.290000000000000000e+02
7.200000000000000000e+01
4.380000000000000000e+02
4.960000000000000000e+02
2.800000000000000000e+02
4.470000000000000000e+02
5.420000000000000000e+02
7.050000000000000000e+02
1.050000000000000000e+02
7.010000000000000000e+02
3.350000000000000000e+02
1.230000000000000000e+02
3.000000000000000000e+00
1.080000000000000000e+02
2.560000000000000000e+02
3.510000000000000000e+02
1.270000000000000000e+02
8.500000000000000000e+01
7.350000000000000000e+02
6.610000000000000000e+02
1.780000000000000000e+02
7.610000000000000000e+02
7.260000000000000000e+02
1.810000000000000000e+02
6.700000000000000000e+02
4.370000000000000000e+02
8.030000000000000000e+02
7.750000000000000000e+02
2.330000000000000000e+02
5.840000000000000000e+02
7.670000000000000000e+02
2.850000000000000000e+02
1.320000000000000000e+02
7.640000000000000000e+02
3.200000000000000000e+01
3.360000000000000000e+02
1.800000000000000000e+02
3.960000000000000000e+02
4.110000000000000000e+02
2.000000000000000000e+02
3.360000000000000000e+02
4.980000000000000000e+02
6.610000000000000000e+02
1.300000000000000000e+02
1.100000000000000000e+01
2.500000000000000000e+02
6.160000000000000000e+02
2.330000000000000000e+02
5.560000000000000000e+02
4.980000000000000000e+02
1.520000000000000000e+02
5.290000000000000000e+02
6.520000000000000000e+02
2.960000000000000000e+02
1.320000000000000000e+02
7.500000000000000000e+02
5.530000000000000000e+02
2.250000000000000000e+02
1.660000000000000000e+02
1.600000000000000000e+02
8.190000000000000000e+02
1.600000000000000000e+01
7.200000000000000000e+02
5.470000000000000000e+02
4.340000000000000000e+02
1.740000000000000000e+02
2.700000000000000000e+02
7.680000000000000000e+02
5.500000000000000000e+02
5.270000000000000000e+02
3.290000000000000000e+02
5.640000000000000000e+02
6.220000000000000000e+02
5.920000000000000000e+02
4.810000000000000000e+02
6.620000000000000000e+02
1.280000000000000000e+02
5.830000000000000000e+02
3.690000000000000000e+02
7.180000000000000000e+02
3.890000000000000000e+02
1.020000000000000000e+02
4.600000000000000000e+01
7.880000000000000000e+02
8.230000000000000000e+02
6.530000000000000000e+02
5.930000000000000000e+02
2.660000000000000000e+02
6.060000000000000000e+02
2.960000000000000000e+02
7.540000000000000000e+02
4.470000000000000000e+02
6.500000000000000000e+01
4.330000000000000000e+02
4.050000000000000000e+02
3.510000000000000000e+02
1.210000000000000000e+02
6.560000000000000000e+02
5.700000000000000000e+01
3.990000000000000000e+02
3.850000000000000000e+02
8.200000000000000000e+02
6.390000000000000000e+02
1.290000000000000000e+02
7.750000000000000000e+02
2.220000000000000000e+02
2.200000000000000000e+02
2.770000000000000000e+02
3.500000000000000000e+02
4.290000000000000000e+02
5.750000000000000000e+02
6.020000000000000000e+02
7.180000000000000000e+02
7.390000000000000000e+02
3.700000000000000000e+01
3.090000000000000000e+02
5.200000000000000000e+02
1.870000000000000000e+02
4.200000000000000000e+01
4.010000000000000000e+02
8.030000000000000000e+02
7.240000000000000000e+02
6.290000000000000000e+02
2.300000000000000000e+02
4.520000000000000000e+02
7.240000000000000000e+02
5.840000000000000000e+02
3.360000000000000000e+02
6.880000000000000000e+02
3.890000000000000000e+02
5.470000000000000000e+02
7.320000000000000000e+02
5.440000000000000000e+02
2.900000000000000000e+02
1.120000000000000000e+02
5.510000000000000000e+02
9.200000000000000000e+01
4.540000000000000000e+02
5.590000000000000000e+02
4.060000000000000000e+02
2.260000000000000000e+02
1.730000000000000000e+02
1.100000000000000000e+01
7.800000000000000000e+01
7.370000000000000000e+02
1.080000000000000000e+02
5.670000000000000000e+02
4.040000000000000000e+02
7.040000000000000000e+02
5.880000000000000000e+02
7.300000000000000000e+02
5.910000000000000000e+02
2.760000000000000000e+02
3.200000000000000000e+01
9.100000000000000000e+01
7.510000000000000000e+02
5.940000000000000000e+02
3.700000000000000000e+01
9.600000000000000000e+01
3.360000000000000000e+02
1.020000000000000000e+02
3.540000000000000000e+02
7.370000000000000000e+02
7.510000000000000000e+02
2.850000000000000000e+02
1.000000000000000000e+01
4.300000000000000000e+01
5.040000000000000000e+02
5.500000000000000000e+02
2.400000000000000000e+01
5.320000000000000000e+02
3.830000000000000000e+02
5.040000000000000000e+02
7.850000000000000000e+02
5.350000000000000000e+02
4.690000000000000000e+02
3.150000000000000000e+02
5.800000000000000000e+02
4.400000000000000000e+02
2.010000000000000000e+02
5.230000000000000000e+02
2.980000000000000000e+02
1.360000000000000000e+02
4.330000000000000000e+02
4.790000000000000000e+02
6.400000000000000000e+01
5.260000000000000000e+02
1.510000000000000000e+02
5.700000000000000000e+01
