2.780000000000000000e+02
5.630000000000000000e+02
7.310000000000000000e+02
3.610000000000000000e+02
6.240000000000000000e+02
9.300000000000000000e+01
8.180000000000000000e+02
1.320000000000000000e+02
5.570000000000000000e+02
1.660000000000000000e+02
4.220000000000000000e+02
7.730000000000000000e+02
8.200000000000000000e+01
4.460000000000000000e+02
7.090000000000000000e+02
7.560000000000000000e+02
6.520000000000000000e+02
5.770000000000000000e+02
4.190000000000000000e+02
6.310000000000000000e+02
4.400000000000000000e+02
1.740000000000000000e+02
1.670000000000000000e+02
5.570000000000000000e+02
2.440000000000000000e+02
3.990000000000000000e+02
2.220000000000000000e+02
4.950000000000000000e+02
4.650000000000000000e+02
5.290000000000000000e+02
2.810000000000000000e+02
2.160000000000000000e+02
4.300000000000000000e+01
3.280000000000000000e+02
3.300000000000000000e+02
3.200000000000000000e+02
7.380000000000000000e+02
7.510000000000000000e+02
7.260000000000000000e+02
6.000000000000000000e+00
2.100000000000000000e+01
1.000000000000000000e+02
1.210000000000000000e+02
2.810000000000000000e+02
5.460000000000000000e+02
8.090000000000000000e+02
4.060000000000000000e+02
8.200000000000000000e+02
5.650000000000000000e+02
1.970000000000000000e+02
2.130000000000000000e+02
2.320000000000000000e+02
2.100000000000000000e+01
3.000000000000000000e+02
6.910000000000000000e+02
5.830000000000000000e+02
3.080000000000000000e+02
2.520000000000000000e+02
7.360000000000000000e+02
6.900000000000000000e+01
4.370000000000000000e+02
6.100000000000000000e+02
6.300000000000000000e+01
4.980000000000000000e+02
3.280000000000000000e+02
4.700000000000000000e+02
9.400000000000000000e+01
6.440000000000000000e+02
1.850000000000000000e+02
4.570000000000000000e+02
3.550000000000000000e+02
6.870000000000000000e+02
2.300000000000000000e+02
7.980000000000000000e+02
2.010000000000000000e+02
1.500000000000000000e+02
2.340000000000000000e+02
1.190000000000000000e+02
7.560000000000000000e+02
5.690000000000000000e+02
2.070000000000000000e+02
2.680000000000000000e+02
7.800000000000000000e+02
6.840000000000000000e+02
2.820000000000000000e+02
7.900000000000000000e+01
7.030000000000000000e+02
2.710000000000000000e+02
6.070000000000000000e+02
2.610000000000000000e+02
1.980000000000000000e+02
2.360000000000000000e+02
2.240000000000000000e+02
2.750000000000000000e+02
4.910000000000000000e+02
4.950000000000000000e+02
6.960000000000000000e+02
6.620000000000000000e+02
7.980000000000000000e+02
7.000000000000000000e+02
2.830000000000000000e+02
4.400000000000000000e+01
1.590000000000000000e+02
7.490000000000000000e+02
7.540000000000000000e+02
3.370000000000000000e+02
2.330000000000000000e+02
5.920000000000000000e+02
5.690000000000000000e+02
5.770000000000000000e+02
1.370000000000000000e+02
7.980000000000000000e+02
2.190000000000000000e+02
7.390000000000000000e+02
7.410000000000000000e+02
3.200000000000000000e+01
5.260000000000000000e+02
2.120000000000000000e+02
7.410000000000000000e+02
5.250000000000000000e+02
5.450000000000000000e+02
1.570000000000000000e+02
4.300000000000000000e+01
2.250000000000000000e+02
4.170000000000000000e+02
6.320000000000000000e+02
7.410000000000000000e+02
1.820000000000000000e+02
1.830000000000000000e+02
5.450000000000000000e+02
1.850000000000000000e+02
3.350000000000000000e+02
5.740000000000000000e+02
6.590000000000000000e+02
2.930000000000000000e+02
1.700000000000000000e+02
6.120000000000000000e+02
3.030000000000000000e+02
1.560000000000000000e+02
4.650000000000000000e+02
1.500000000000000000e+01
6.500000000000000000e+01
7.000000000000000000e+01
2.420000000000000000e+02
8.160000000000000000e+02
4.640000000000000000e+02
7.980000000000000000e+02
3.970000000000000000e+02
2.800000000000000000e+02
1.830000000000000000e+02
6.530000000000000000e+02
4.020000000000000000e+02
4.990000000000000000e+02
3.070000000000000000e+02
2.080000000000000000e+02
2.200000000000000000e+02
3.700000000000000000e+02
5.660000000000000000e+02
4.820000000000000000e+02
7.110000000000000000e+02
1.530000000000000000e+02
6.750000000000000000e+02
5.290000000000000000e+02
3.690000000000000000e+02
8.190000000000000000e+02
6.010000000000000000e+02
7.840000000000000000e+02
4.450000000000000000e+02
2.270000000000000000e+02
6.520000000000000000e+02
2.280000000000000000e+02
2.630000000000000000e+02
3.340000000000000000e+02
5.340000000000000000e+02
3.750000000000000000e+02
3.220000000000000000e+02
4.650000000000000000e+02
7.360000000000000000e+02
6.300000000000000000e+02
2.800000000000000000e+02
8.600000000000000000e+01
5.900000000000000000e+01
2.160000000000000000e+02
4.130000000000000000e+02
1.210000000000000000e+02
6.950000000000000000e+02
6.820000000000000000e+02
6.240000000000000000e+02
4.870000000000000000e+02
6.140000000000000000e+02
3.010000000000000000e+02
1.130000000000000000e+02
2.120000000000000000e+02
4.750000000000000000e+02
5.680000000000000000e+02
5.020000000000000000e+02
1.640000000000000000e+02
3.100000000000000000e+02
5.330000000000000000e+02
7.190000000000000000e+02
7.800000000000000000e+01
2.980000000000000000e+02
3.400000000000000000e+02
1.600000000000000000e+02
6.000000000000000000e+02
6.590000000000000000e+02
8.230000000000000000e+02
7.910000000000000000e+02
2.270000000000000000e+02
5.630000000000000000e+02
1.980000000000000000e+02
1.870000000000000000e+02
6.140000000000000000e+02
2.210000000000000000e+02
1.560000000000000000e+02
6.590000000000000000e+02
4.750000000000000000e+02
7.910000000000000000e+02
4.630000000000000000e+02
7.240000000000000000e+02
7.870000000000000000e+02
1.230000000000000000e+02
6.140000000000000000e+02
6.350000000000000000e+02
1.050000000000000000e+02
3.350000000000000000e+02
8.600000000000000000e+01
9.000000000000000000e+00
7.800000000000000000e+02
7.180000000000000000e+02
4.200000000000000000e+01
1.540000000000000000e+02
5.670000000000000000e+02
1.830000000000000000e+02
4.070000000000000000e+02
2.640000000000000000e+02
3.880000000000000000e+02
7.950000000000000000e+02
7.390000000000000000e+02
8.900000000000000000e+01
3.580000000000000000e+02
6.100000000000000000e+01
6.040000000000000000e+02
1.470000000000000000e+02
6.130000000000000000e+02
5.540000000000000000e+02
3.350000000000000000e+02
3.400000000000000000e+02
5.730000000000000000e+02
7.510000000000000000e+02
7.010000000000000000e+02
1.460000000000000000e+02
4.450000000000000000e+02
5.590000000000000000e+02
5.600000000000000000e+02
7.280000000000000000e+02
5.510000000000000000e+02
3.860000000000000000e+02
5.480000000000000000e+02
2.620000000000000000e+02
7.410000000000000000e+02
7.180000000000000000e+02
8.110000000000000000e+02
6.300000000000000000e+02
7.440000000000000000e+02
5.390000000000000000e+02
1.540000000000000000e+02
2.920000000000000000e+02
6.780000000000000000e+02
6.720000000000000000e+02
5.800000000000000000e+01
1.500000000000000000e+01
4.400000000000000000e+01
7.000000000000000000e+01
1.300000000000000000e+01
4.170000000000000000e+02
2.540000000000000000e+02
2.660000000000000000e+02
3.610000000000000000e+02
7.650000000000000000e+02
7.020000000000000000e+02
7.370000000000000000e+02
3.660000000000000000e+02
6.070000000000000000e+02
7.540000000000000000e+02
1.900000000000000000e+01
3.350000000000000000e+02
6.600000000000000000e+02
8.200000000000000000e+02
5.710000000000000000e+02
6.700000000000000000e+01
4.600000000000000000e+01
3.340000000000000000e+02
8.150000000000000000e+02
1.690000000000000000e+02
3.320000000000000000e+02
2.350000000000000000e+02
5.450000000000000000e+02
2.080000000000000000e+02
8.170000000000000000e+02
9.500000000000000000e+01
5.860000000000000000e+02
5.420000000000000000e+02
4.340000000000000000e+02
8.150000000000000000e+02
6.900000000000000000e+02
4.130000000000000000e+02
4.210000000000000000e+02
4.480000000000000000e+02
1.760000000000000000e+02
8.900000000000000000e+01
3.690000000000000000e+02
1.570000000000000000e+02
4.980000000000000000e+02
4.980000000000000000e+02
6.450000000000000000e+02
1.020000000000000000e+02
4.440000000000000000e+02
1.500000000000000000e+01
7.730000000000000000e+02
6.420000000000000000e+02
3.700000000000000000e+01
5.390000000000000000e+02
4.370000000000000000e+02
6.970000000000000000e+02
1.300000000000000000e+01
2.660000000000000000e+02
1.100000000000000000e+01
5.060000000000000000e+02
1.850000000000000000e+02
2.000000000000000000e+00
7.300000000000000000e+02
3.930000000000000000e+02
7.250000000000000000e+02
5.600000000000000000e+01
6.720000000000000000e+02
2.140000000000000000e+02
5.670000000000000000e+02
5.540000000000000000e+02
7.920000000000000000e+02
7.690000000000000000e+02
6.250000000000000000e+02
8.200000000000000000e+01
5.700000000000000000e+02
2.890000000000000000e+02
7.310000000000000000e+02
3.610000000000000000e+02
1.080000000000000000e+02
7.010000000000000000e+02
4.110000000000000000e+02
6.520000000000000000e+02
3.610000000000000000e+02
6.470000000000000000e+02
6.750000000000000000e+02
5.010000000000000000e+02
1.890000000000000000e+02
3.780000000000000000e+02
6.860000000000000000e+02
3.630000000000000000e+02
1.410000000000000000e+02
7.020000000000000000e+02
3.650000000000000000e+02
2.310000000000000000e+02
2.980000000000000000e+02
4.790000000000000000e+02
4.820000000000000000e+02
4.640000000000000000e+02
1.050000000000000000e+02
3.100000000000000000e+02
3.890000000000000000e+02
5.370000000000000000e+02
3.020000000000000000e+02
6.890000000000000000e+02
6.690000000000000000e+02
5.920000000000000000e+02
3.360000000000000000e+02
7.420000000000000000e+02
7.000000000000000000e+01
6.150000000000000000e+02
5.620000000000000000e+02
6.200000000000000000e+02
5.850000000000000000e+02
2.640000000000000000e+02
2.230000000000000000e+02
2.000000000000000000e+01
4.650000000000000000e+02
8.100000000000000000e+02
6.300000000000000000e+01
5.320000000000000000e+02
2.600000000000000000e+01
3.860000000000000000e+02
6.110000000000000000e+02
8.100000000000000000e+02
6.950000000000000000e+02
1.130000000000000000e+02
6.000000000000000000e+00
4.460000000000000000e+02
5.870000000000000000e+02
2.560000000000000000e+02
2.510000000000000000e+02
7.040000000000000000e+02
6.200000000000000000e+01
2.610000000000000000e+02
1.080000000000000000e+02
1.420000000000000000e+02
3.670000000000000000e+02
4.450000000000000000e+02
5.670000000000000000e+02
6.060000000000000000e+02
1.190000000000000000e+02
6.950000000000000000e+02
5.390000000000000000e+02
7.160000000000000000e+02
4.190000000000000000e+02
3.450000000000000000e+02
6.400000000000000000e+01
1.650000000000000000e+02
8.080000000000000000e+02
7.640000000000000000e+02
6.960000000000000000e+02
9.600000000000000000e+01
2.250000000000000000e+02
1.930000000000000000e+02
1.270000000000000000e+02
6.780000000000000000e+02
5.320000000000000000e+02
6.360000000000000000e+02
1.640000000000000000e+02
2.250000000000000000e+02
2.800000000000000000e+02
1.430000000000000000e+02
5.850000000000000000e+02
3.950000000000000000e+02
6.450000000000000000e+02
4.400000000000000000e+02
8.050000000000000000e+02
3.070000000000000000e+02
1.890000000000000000e+02
5.590000000000000000e+02
4.000000000000000000e+02
5.150000000000000000e+02
3.540000000000000000e+02
3.400000000000000000e+02
4.380000000000000000e+02
3.070000000000000000e+02
1.600000000000000000e+02
4.650000000000000000e+02
4.050000000000000000e+02
4.310000000000000000e+02
1.550000000000000000e+02
1.450000000000000000e+02
5.900000000000000000e+01
6.610000000000000000e+02
3.630000000000000000e+02
2.590000000000000000e+02
4.910000000000000000e+02
3.960000000000000000e+02
6.310000000000000000e+02
8.900000000000000000e+01
7.770000000000000000e+02
3.470000000000000000e+02
4.950000000000000000e+02
5.290000000000000000e+02
4.700000000000000000e+01
7.710000000000000000e+02
9.200000000000000000e+01
1.060000000000000000e+02
7.900000000000000000e+01
8.150000000000000000e+02
6.040000000000000000e+02
2.300000000000000000e+01
8.180000000000000000e+02
5.420000000000000000e+02
6.970000000000000000e+02
5.810000000000000000e+02
3.860000000000000000e+02
2.440000000000000000e+02
1.270000000000000000e+02
8.150000000000000000e+02
6.200000000000000000e+01
2.010000000000000000e+02
7.820000000000000000e+02
1.370000000000000000e+02
1.700000000000000000e+02
6.390000000000000000e+02
5.530000000000000000e+02
1.830000000000000000e+02
8.300000000000000000e+01
2.550000000000000000e+02
1.320000000000000000e+02
6.270000000000000000e+02
6.470000000000000000e+02
7.350000000000000000e+02
4.140000000000000000e+02
6.140000000000000000e+02
1.560000000000000000e+02
6.900000000000000000e+01
4.100000000000000000e+01
1.400000000000000000e+02
4.220000000000000000e+02
3.220000000000000000e+02
5.290000000000000000e+02
3.050000000000000000e+02
9.400000000000000000e+01
3.370000000000000000e+02
5.770000000000000000e+02
5.740000000000000000e+02
4.630000000000000000e+02
1.400000000000000000e+02
1.600000000000000000e+02
8.210000000000000000e+02
4.040000000000000000e+02
3.010000000000000000e+02
8.080000000000000000e+02
2.310000000000000000e+02
1.570000000000000000e+02
5.630000000000000000e+02
5.800000000000000000e+01
1.900000000000000000e+01
6.560000000000000000e+02
7.650000000000000000e+02
3.000000000000000000e+00
2.280000000000000000e+02
1.460000000000000000e+02
3.340000000000000000e+02
2.510000000000000000e+02
3.100000000000000000e+02
3.700000000000000000e+02
6.100000000000000000e+02
4.500000000000000000e+01
7.360000000000000000e+02
7.880000000000000000e+02
4.940000000000000000e+02
3.150000000000000000e+02
2.590000000000000000e+02
4.790000000000000000e+02
8.060000000000000000e+02
6.910000000000000000e+02
1.450000000000000000e+02
1.400000000000000000e+01
6.890000000000000000e+02
1.570000000000000000e+02
5.660000000000000000e+02
3.890000000000000000e+02
8.300000000000000000e+01
3.700000000000000000e+01
1.860000000000000000e+02
5.740000000000000000e+02
4.930000000000000000e+02
8.130000000000000000e+02
1.110000000000000000e+02
3.490000000000000000e+02
2.270000000000000000e+02
3.730000000000000000e+02
1.230000000000000000e+02
2.770000000000000000e+02
4.680000000000000000e+02
3.400000000000000000e+02
1.080000000000000000e+02
7.950000000000000000e+02
7.650000000000000000e+02
4.580000000000000000e+02
3.460000000000000000e+02
3.950000000000000000e+02
3.660000000000000000e+02
5.310000000000000000e+02
6.560000000000000000e+02
5.600000000000000000e+01
3.220000000000000000e+02
4.070000000000000000e+02
6.370000000000000000e+02
4.370000000000000000e+02
9.500000000000000000e+01
5.880000000000000000e+02
5.200000000000000000e+01
2.930000000000000000e+02
3.490000000000000000e+02
5.690000000000000000e+02
6.000000000000000000e+02
4.410000000000000000e+02
6.450000000000000000e+02
1.210000000000000000e+02
7.410000000000000000e+02
6.780000000000000000e+02
9.600000000000000000e+01
4.940000000000000000e+02
6.860000000000000000e+02
7.390000000000000000e+02
7.670000000000000000e+02
1.500000000000000000e+02
6.290000000000000000e+02
5.900000000000000000e+02
9.100000000000000000e+01
5.950000000000000000e+02
3.260000000000000000e+02
7.220000000000000000e+02
7.840000000000000000e+02
1.890000000000000000e+02
6.140000000000000000e+02
1.250000000000000000e+02
5.880000000000000000e+02
2.130000000000000000e+02
7.190000000000000000e+02
2.280000000000000000e+02
6.820000000000000000e+02
1.090000000000000000e+02
5.700000000000000000e+02
7.030000000000000000e+02
8.100000000000000000e+02
3.900000000000000000e+01
9.200000000000000000e+01
2.080000000000000000e+02
8.030000000000000000e+02
3.700000000000000000e+02
5.170000000000000000e+02
2.330000000000000000e+02
3.370000000000000000e+02
2.340000000000000000e+02
2.550000000000000000e+02
5.700000000000000000e+02
3.810000000000000000e+02
1.760000000000000000e+02
4.040000000000000000e+02
5.320000000000000000e+02
5.540000000000000000e+02
2.130000000000000000e+02
5.000000000000000000e+00
2.810000000000000000e+02
7.710000000000000000e+02
2.270000000000000000e+02
1.320000000000000000e+02
6.730000000000000000e+02
2.610000000000000000e+02
1.120000000000000000e+02
1.940000000000000000e+02
3.630000000000000000e+02
4.470000000000000000e+02
6.860000000000000000e+02
2.310000000000000000e+02
1.660000000000000000e+02
6.750000000000000000e+02
6.970000000000000000e+02
5.570000000000000000e+02
1.590000000000000000e+02
2.300000000000000000e+02
6.030000000000000000e+02
1.400000000000000000e+01
1.970000000000000000e+02
6.600000000000000000e+02
1.470000000000000000e+02
5.830000000000000000e+02
