2.100000000000000000e+01
5.580000000000000000e+02
6.770000000000000000e+02
2.150000000000000000e+02
1.390000000000000000e+02
3.160000000000000000e+02
5.170000000000000000e+02
2.800000000000000000e+02
3.630000000000000000e+02
5.490000000000000000e+02
5.620000000000000000e+02
4.740000000000000000e+02
5.540000000000000000e+02
3.600000000000000000e+01
5.290000000000000000e+02
5.600000000000000000e+01
5.710000000000000000e+02
4.580000000000000000e+02
1.450000000000000000e+02
4.890000000000000000e+02
3.370000000000000000e+02
4.760000000000000000e+02
1.190000000000000000e+02
3.030000000000000000e+02
4.780000000000000000e+02
4.750000000000000000e+02
4.300000000000000000e+01
6.940000000000000000e+02
5.960000000000000000e+02
6.300000000000000000e+01
2.700000000000000000e+01
1.260000000000000000e+02
8.500000000000000000e+01
5.890000000000000000e+02
3.490000000000000000e+02
4.250000000000000000e+02
1.000000000000000000e+02
4.310000000000000000e+02
6.670000000000000000e+02
3.020000000000000000e+02
1.700000000000000000e+01
1.350000000000000000e+02
1.790000000000000000e+02
5.280000000000000000e+02
2.300000000000000000e+01
2.170000000000000000e+02
6.600000000000000000e+01
4.870000000000000000e+02
4.120000000000000000e+02
3.110000000000000000e+02
5.780000000000000000e+02
1.480000000000000000e+02
5.060000000000000000e+02
1.820000000000000000e+02
1.890000000000000000e+02
6.480000000000000000e+02
4.000000000000000000e+00
4.080000000000000000e+02
7.600000000000000000e+01
6.740000000000000000e+02
7.200000000000000000e+01
1.250000000000000000e+02
9.000000000000000000e+01
4.620000000000000000e+02
6.650000000000000000e+02
1.920000000000000000e+02
6.610000000000000000e+02
5.460000000000000000e+02
5.100000000000000000e+02
3.100000000000000000e+02
5.050000000000000000e+02
2.250000000000000000e+02
6.800000000000000000e+02
5.120000000000000000e+02
5.140000000000000000e+02
6.960000000000000000e+02
6.200000000000000000e+02
5.080000000000000000e+02
4.830000000000000000e+02
1.780000000000000000e+02
5.560000000000000000e+02
4.470000000000000000e+02
2.740000000000000000e+02
2.870000000000000000e+02
3.310000000000000000e+02
7.040000000000000000e+02
3.820000000000000000e+02
6.390000000000000000e+02
2.380000000000000000e+02
1.180000000000000000e+02
2.260000000000000000e+02
2.190000000000000000e+02
5.320000000000000000e+02
6.280000000000000000e+02
4.600000000000000000e+01
3.150000000000000000e+02
2.020000000000000000e+02
6.030000000000000000e+02
1.700000000000000000e+02
7.050000000000000000e+02
2.640000000000000000e+02
1.490000000000000000e+02
5.880000000000000000e+02
1.620000000000000000e+02
2.620000000000000000e+02
2.810000000000000000e+02
6.920000000000000000e+02
4.100000000000000000e+01
1.840000000000000000e+02
5.590000000000000000e+02
6.750000000000000000e+02
1.100000000000000000e+01
5.900000000000000000e+01
2.730000000000000000e+02
6.530000000000000000e+02
5.950000000000000000e+02
6.550000000000000000e+02
1.070000000000000000e+02
1.590000000000000000e+02
6.160000000000000000e+02
3.920000000000000000e+02
5.090000000000000000e+02
5.030000000000000000e+02
1.030000000000000000e+02
5.550000000000000000e+02
6.180000000000000000e+02
3.300000000000000000e+02
1.340000000000000000e+02
6.410000000000000000e+02
4.070000000000000000e+02
5.910000000000000000e+02
3.830000000000000000e+02
3.090000000000000000e+02
4.360000000000000000e+02
7.000000000000000000e+01
4.000000000000000000e+01
4.610000000000000000e+02
5.640000000000000000e+02
5.800000000000000000e+01
5.720000000000000000e+02
5.700000000000000000e+01
3.050000000000000000e+02
3.550000000000000000e+02
3.010000000000000000e+02
6.790000000000000000e+02
2.120000000000000000e+02
4.340000000000000000e+02
5.420000000000000000e+02
5.790000000000000000e+02
1.650000000000000000e+02
1.120000000000000000e+02
2.000000000000000000e+00
2.100000000000000000e+02
3.200000000000000000e+01
5.020000000000000000e+02
3.700000000000000000e+01
5.480000000000000000e+02
4.200000000000000000e+02
6.000000000000000000e+02
3.570000000000000000e+02
2.370000000000000000e+02
4.500000000000000000e+02
8.100000000000000000e+01
3.500000000000000000e+02
3.840000000000000000e+02
5.650000000000000000e+02
2.600000000000000000e+02
8.600000000000000000e+01
9.400000000000000000e+01
5.930000000000000000e+02
7.900000000000000000e+01
7.000000000000000000e+02
1.740000000000000000e+02
3.880000000000000000e+02
6.900000000000000000e+01
4.180000000000000000e+02
1.000000000000000000e+01
