1.090000000000000000e+02
9.200000000000000000e+01
6.670000000000000000e+02
5.410000000000000000e+02
1.110000000000000000e+02
6.230000000000000000e+02
2.010000000000000000e+02
4.220000000000000000e+02
2.000000000000000000e+02
3.100000000000000000e+01
7.160000000000000000e+02
1.020000000000000000e+02
2.880000000000000000e+02
2.500000000000000000e+01
5.660000000000000000e+02
1.940000000000000000e+02
7.000000000000000000e+01
6.960000000000000000e+02
4.170000000000000000e+02
5.700000000000000000e+01
2.080000000000000000e+02
4.320000000000000000e+02
1.600000000000000000e+02
3.400000000000000000e+02
1.430000000000000000e+02
3.350000000000000000e+02
8.010000000000000000e+02
3.900000000000000000e+01
1.190000000000000000e+02
1.280000000000000000e+02
1.680000000000000000e+02
3.290000000000000000e+02
7.510000000000000000e+02
8.130000000000000000e+02
4.820000000000000000e+02
3.330000000000000000e+02
5.750000000000000000e+02
4.600000000000000000e+01
4.340000000000000000e+02
2.850000000000000000e+02
6.570000000000000000e+02
6.370000000000000000e+02
1.190000000000000000e+02
1.000000000000000000e+00
1.490000000000000000e+02
3.360000000000000000e+02
8.110000000000000000e+02
6.850000000000000000e+02
6.950000000000000000e+02
7.730000000000000000e+02
4.290000000000000000e+02
2.290000000000000000e+02
1.350000000000000000e+02
3.100000000000000000e+02
7.050000000000000000e+02
3.070000000000000000e+02
5.470000000000000000e+02
3.980000000000000000e+02
1.680000000000000000e+02
1.070000000000000000e+02
7.030000000000000000e+02
1.220000000000000000e+02
3.300000000000000000e+02
1.960000000000000000e+02
6.890000000000000000e+02
6.330000000000000000e+02
3.280000000000000000e+02
3.720000000000000000e+02
4.180000000000000000e+02
7.670000000000000000e+02
8.020000000000000000e+02
9.800000000000000000e+01
3.660000000000000000e+02
6.900000000000000000e+01
3.010000000000000000e+02
1.850000000000000000e+02
4.710000000000000000e+02
5.700000000000000000e+02
2.100000000000000000e+02
3.880000000000000000e+02
7.200000000000000000e+01
7.260000000000000000e+02
1.280000000000000000e+02
5.940000000000000000e+02
9.600000000000000000e+01
8.900000000000000000e+01
4.740000000000000000e+02
2.880000000000000000e+02
2.040000000000000000e+02
7.380000000000000000e+02
1.510000000000000000e+02
1.000000000000000000e+00
4.600000000000000000e+01
2.680000000000000000e+02
1.320000000000000000e+02
2.420000000000000000e+02
6.910000000000000000e+02
1.380000000000000000e+02
6.270000000000000000e+02
5.360000000000000000e+02
2.500000000000000000e+02
1.620000000000000000e+02
7.560000000000000000e+02
8.200000000000000000e+01
5.430000000000000000e+02
7.720000000000000000e+02
3.280000000000000000e+02
2.520000000000000000e+02
1.050000000000000000e+02
1.870000000000000000e+02
1.560000000000000000e+02
3.150000000000000000e+02
3.240000000000000000e+02
8.500000000000000000e+01
5.900000000000000000e+01
2.890000000000000000e+02
4.100000000000000000e+01
5.770000000000000000e+02
6.640000000000000000e+02
7.190000000000000000e+02
7.700000000000000000e+02
3.020000000000000000e+02
3.030000000000000000e+02
2.430000000000000000e+02
2.500000000000000000e+02
7.720000000000000000e+02
4.170000000000000000e+02
7.070000000000000000e+02
3.000000000000000000e+00
8.160000000000000000e+02
5.640000000000000000e+02
2.380000000000000000e+02
5.650000000000000000e+02
3.550000000000000000e+02
2.350000000000000000e+02
4.580000000000000000e+02
2.300000000000000000e+01
1.290000000000000000e+02
2.340000000000000000e+02
7.640000000000000000e+02
4.110000000000000000e+02
4.390000000000000000e+02
6.010000000000000000e+02
1.080000000000000000e+02
1.110000000000000000e+02
6.440000000000000000e+02
3.970000000000000000e+02
7.900000000000000000e+02
7.960000000000000000e+02
4.800000000000000000e+01
5.850000000000000000e+02
1.250000000000000000e+02
3.810000000000000000e+02
5.100000000000000000e+02
6.870000000000000000e+02
4.000000000000000000e+02
4.670000000000000000e+02
9.900000000000000000e+01
2.500000000000000000e+02
7.450000000000000000e+02
1.430000000000000000e+02
7.680000000000000000e+02
4.600000000000000000e+01
2.290000000000000000e+02
3.590000000000000000e+02
5.670000000000000000e+02
1.960000000000000000e+02
4.100000000000000000e+01
1.640000000000000000e+02
2.100000000000000000e+02
5.020000000000000000e+02
6.200000000000000000e+02
3.760000000000000000e+02
2.230000000000000000e+02
2.100000000000000000e+02
1.670000000000000000e+02
1.520000000000000000e+02
7.380000000000000000e+02
4.160000000000000000e+02
1.290000000000000000e+02
5.100000000000000000e+02
4.940000000000000000e+02
5.970000000000000000e+02
7.260000000000000000e+02
4.800000000000000000e+01
4.370000000000000000e+02
5.090000000000000000e+02
5.370000000000000000e+02
4.040000000000000000e+02
4.400000000000000000e+02
1.430000000000000000e+02
5.910000000000000000e+02
6.780000000000000000e+02
7.210000000000000000e+02
4.830000000000000000e+02
1.600000000000000000e+01
4.440000000000000000e+02
4.980000000000000000e+02
4.900000000000000000e+01
1.500000000000000000e+02
6.050000000000000000e+02
3.090000000000000000e+02
6.780000000000000000e+02
3.900000000000000000e+02
5.480000000000000000e+02
4.990000000000000000e+02
1.070000000000000000e+02
6.030000000000000000e+02
1.460000000000000000e+02
2.120000000000000000e+02
2.430000000000000000e+02
4.950000000000000000e+02
7.930000000000000000e+02
1.190000000000000000e+02
1.840000000000000000e+02
7.900000000000000000e+02
2.870000000000000000e+02
2.810000000000000000e+02
2.840000000000000000e+02
3.400000000000000000e+01
5.390000000000000000e+02
4.940000000000000000e+02
6.230000000000000000e+02
3.810000000000000000e+02
2.630000000000000000e+02
7.330000000000000000e+02
3.810000000000000000e+02
2.000000000000000000e+01
5.630000000000000000e+02
2.580000000000000000e+02
2.750000000000000000e+02
1.320000000000000000e+02
5.970000000000000000e+02
1.030000000000000000e+02
6.700000000000000000e+02
3.400000000000000000e+02
8.500000000000000000e+01
9.200000000000000000e+01
8.050000000000000000e+02
5.040000000000000000e+02
2.760000000000000000e+02
6.490000000000000000e+02
1.690000000000000000e+02
2.430000000000000000e+02
7.840000000000000000e+02
7.280000000000000000e+02
3.890000000000000000e+02
3.630000000000000000e+02
4.380000000000000000e+02
3.270000000000000000e+02
3.950000000000000000e+02
1.100000000000000000e+01
5.900000000000000000e+02
7.020000000000000000e+02
4.810000000000000000e+02
3.890000000000000000e+02
1.840000000000000000e+02
4.170000000000000000e+02
4.540000000000000000e+02
5.940000000000000000e+02
2.270000000000000000e+02
5.700000000000000000e+02
2.820000000000000000e+02
5.500000000000000000e+02
3.630000000000000000e+02
5.940000000000000000e+02
3.700000000000000000e+01
1.230000000000000000e+02
8.060000000000000000e+02
7.450000000000000000e+02
4.430000000000000000e+02
5.350000000000000000e+02
7.180000000000000000e+02
6.680000000000000000e+02
2.200000000000000000e+02
7.690000000000000000e+02
6.900000000000000000e+01
1.070000000000000000e+02
3.620000000000000000e+02
8.010000000000000000e+02
2.550000000000000000e+02
6.600000000000000000e+02
5.000000000000000000e+00
3.920000000000000000e+02
5.350000000000000000e+02
5.970000000000000000e+02
7.800000000000000000e+02
3.810000000000000000e+02
2.600000000000000000e+02
7.050000000000000000e+02
2.600000000000000000e+02
6.090000000000000000e+02
1.170000000000000000e+02
2.130000000000000000e+02
5.740000000000000000e+02
4.360000000000000000e+02
7.680000000000000000e+02
7.510000000000000000e+02
1.150000000000000000e+02
1.840000000000000000e+02
6.600000000000000000e+01
5.150000000000000000e+02
5.790000000000000000e+02
8.020000000000000000e+02
3.200000000000000000e+01
4.520000000000000000e+02
1.030000000000000000e+02
4.540000000000000000e+02
2.770000000000000000e+02
8.190000000000000000e+02
4.060000000000000000e+02
6.760000000000000000e+02
4.190000000000000000e+02
5.330000000000000000e+02
2.800000000000000000e+02
9.000000000000000000e+01
2.350000000000000000e+02
1.640000000000000000e+02
4.290000000000000000e+02
8.900000000000000000e+01
1.780000000000000000e+02
4.940000000000000000e+02
2.630000000000000000e+02
1.430000000000000000e+02
4.440000000000000000e+02
7.820000000000000000e+02
1.000000000000000000e+01
4.980000000000000000e+02
6.140000000000000000e+02
4.340000000000000000e+02
6.640000000000000000e+02
1.350000000000000000e+02
3.620000000000000000e+02
8.200000000000000000e+01
5.750000000000000000e+02
5.750000000000000000e+02
2.850000000000000000e+02
4.170000000000000000e+02
5.920000000000000000e+02
6.760000000000000000e+02
4.610000000000000000e+02
4.900000000000000000e+01
7.000000000000000000e+02
3.730000000000000000e+02
2.730000000000000000e+02
7.980000000000000000e+02
6.140000000000000000e+02
7.970000000000000000e+02
4.960000000000000000e+02
8.100000000000000000e+01
5.900000000000000000e+01
2.810000000000000000e+02
7.430000000000000000e+02
2.170000000000000000e+02
5.880000000000000000e+02
2.270000000000000000e+02
1.600000000000000000e+01
6.270000000000000000e+02
4.200000000000000000e+01
4.470000000000000000e+02
4.650000000000000000e+02
7.720000000000000000e+02
9.500000000000000000e+01
2.800000000000000000e+02
1.220000000000000000e+02
4.070000000000000000e+02
7.770000000000000000e+02
5.470000000000000000e+02
1.650000000000000000e+02
5.480000000000000000e+02
7.220000000000000000e+02
6.330000000000000000e+02
6.950000000000000000e+02
7.110000000000000000e+02
6.720000000000000000e+02
2.830000000000000000e+02
3.460000000000000000e+02
7.470000000000000000e+02
9.800000000000000000e+01
7.200000000000000000e+01
8.900000000000000000e+01
1.560000000000000000e+02
6.290000000000000000e+02
8.010000000000000000e+02
2.160000000000000000e+02
5.940000000000000000e+02
3.970000000000000000e+02
6.700000000000000000e+02
3.200000000000000000e+01
1.430000000000000000e+02
1.760000000000000000e+02
2.520000000000000000e+02
3.460000000000000000e+02
6.450000000000000000e+02
5.020000000000000000e+02
2.220000000000000000e+02
1.000000000000000000e+00
6.700000000000000000e+01
6.150000000000000000e+02
1.140000000000000000e+02
7.300000000000000000e+02
7.310000000000000000e+02
7.930000000000000000e+02
6.600000000000000000e+01
4.610000000000000000e+02
1.520000000000000000e+02
4.130000000000000000e+02
2.830000000000000000e+02
7.690000000000000000e+02
6.700000000000000000e+02
4.630000000000000000e+02
2.750000000000000000e+02
8.300000000000000000e+01
4.610000000000000000e+02
6.120000000000000000e+02
2.500000000000000000e+01
5.720000000000000000e+02
6.240000000000000000e+02
3.410000000000000000e+02
1.990000000000000000e+02
3.970000000000000000e+02
1.500000000000000000e+02
4.410000000000000000e+02
5.800000000000000000e+02
2.400000000000000000e+01
1.600000000000000000e+02
3.300000000000000000e+02
5.570000000000000000e+02
4.320000000000000000e+02
6.300000000000000000e+01
6.530000000000000000e+02
8.300000000000000000e+01
4.500000000000000000e+01
7.460000000000000000e+02
1.890000000000000000e+02
1.640000000000000000e+02
5.530000000000000000e+02
5.130000000000000000e+02
4.130000000000000000e+02
6.380000000000000000e+02
6.470000000000000000e+02
8.800000000000000000e+01
3.100000000000000000e+01
2.020000000000000000e+02
4.440000000000000000e+02
3.900000000000000000e+01
1.500000000000000000e+01
4.540000000000000000e+02
4.290000000000000000e+02
9.800000000000000000e+01
7.910000000000000000e+02
2.730000000000000000e+02
6.690000000000000000e+02
6.420000000000000000e+02
7.490000000000000000e+02
7.050000000000000000e+02
1.710000000000000000e+02
1.000000000000000000e+00
4.420000000000000000e+02
6.340000000000000000e+02
7.340000000000000000e+02
1.840000000000000000e+02
5.500000000000000000e+02
6.320000000000000000e+02
6.330000000000000000e+02
1.320000000000000000e+02
8.180000000000000000e+02
6.640000000000000000e+02
5.850000000000000000e+02
6.290000000000000000e+02
4.870000000000000000e+02
3.660000000000000000e+02
6.060000000000000000e+02
7.010000000000000000e+02
1.880000000000000000e+02
7.470000000000000000e+02
1.840000000000000000e+02
2.260000000000000000e+02
4.650000000000000000e+02
5.890000000000000000e+02
3.280000000000000000e+02
5.200000000000000000e+01
2.540000000000000000e+02
6.300000000000000000e+02
2.750000000000000000e+02
4.750000000000000000e+02
4.480000000000000000e+02
6.020000000000000000e+02
1.100000000000000000e+01
7.090000000000000000e+02
3.900000000000000000e+01
8.160000000000000000e+02
3.970000000000000000e+02
2.780000000000000000e+02
3.920000000000000000e+02
1.860000000000000000e+02
3.000000000000000000e+00
5.540000000000000000e+02
2.420000000000000000e+02
7.400000000000000000e+01
9.500000000000000000e+01
4.600000000000000000e+01
7.910000000000000000e+02
4.690000000000000000e+02
7.710000000000000000e+02
3.260000000000000000e+02
3.200000000000000000e+01
8.140000000000000000e+02
7.030000000000000000e+02
1.500000000000000000e+02
3.180000000000000000e+02
5.440000000000000000e+02
2.100000000000000000e+01
3.970000000000000000e+02
4.280000000000000000e+02
4.060000000000000000e+02
9.000000000000000000e+00
6.390000000000000000e+02
5.670000000000000000e+02
2.240000000000000000e+02
5.200000000000000000e+02
1.530000000000000000e+02
5.870000000000000000e+02
6.860000000000000000e+02
3.070000000000000000e+02
4.660000000000000000e+02
5.600000000000000000e+02
8.110000000000000000e+02
5.230000000000000000e+02
2.730000000000000000e+02
1.660000000000000000e+02
4.500000000000000000e+01
8.300000000000000000e+01
4.630000000000000000e+02
1.110000000000000000e+02
1.080000000000000000e+02
7.690000000000000000e+02
2.440000000000000000e+02
7.370000000000000000e+02
7.250000000000000000e+02
4.400000000000000000e+02
7.770000000000000000e+02
2.750000000000000000e+02
2.850000000000000000e+02
4.600000000000000000e+01
5.200000000000000000e+01
3.080000000000000000e+02
6.090000000000000000e+02
7.420000000000000000e+02
3.300000000000000000e+02
3.290000000000000000e+02
1.560000000000000000e+02
2.220000000000000000e+02
7.690000000000000000e+02
8.080000000000000000e+02
7.200000000000000000e+01
4.300000000000000000e+01
2.880000000000000000e+02
2.000000000000000000e+01
3.670000000000000000e+02
7.100000000000000000e+02
1.620000000000000000e+02
2.010000000000000000e+02
5.800000000000000000e+02
3.420000000000000000e+02
1.040000000000000000e+02
5.510000000000000000e+02
2.840000000000000000e+02
2.620000000000000000e+02
1.050000000000000000e+02
6.630000000000000000e+02
2.660000000000000000e+02
3.050000000000000000e+02
6.610000000000000000e+02
1.560000000000000000e+02
3.400000000000000000e+02
4.520000000000000000e+02
1.850000000000000000e+02
7.680000000000000000e+02
6.610000000000000000e+02
6.900000000000000000e+02
5.260000000000000000e+02
1.550000000000000000e+02
4.040000000000000000e+02
2.090000000000000000e+02
6.160000000000000000e+02
6.560000000000000000e+02
5.410000000000000000e+02
2.580000000000000000e+02
4.470000000000000000e+02
5.860000000000000000e+02
2.190000000000000000e+02
3.320000000000000000e+02
3.590000000000000000e+02
6.600000000000000000e+02
7.460000000000000000e+02
2.460000000000000000e+02
5.870000000000000000e+02
4.880000000000000000e+02
4.880000000000000000e+02
3.400000000000000000e+02
7.800000000000000000e+01
2.840000000000000000e+02
6.320000000000000000e+02
7.180000000000000000e+02
6.560000000000000000e+02
5.280000000000000000e+02
1.810000000000000000e+02
4.660000000000000000e+02
1.090000000000000000e+02
3.550000000000000000e+02
7.920000000000000000e+02
6.200000000000000000e+01
5.700000000000000000e+02
1.620000000000000000e+02
7.220000000000000000e+02
3.260000000000000000e+02
7.920000000000000000e+02
6.110000000000000000e+02
3.950000000000000000e+02
3.640000000000000000e+02
5.590000000000000000e+02
1.940000000000000000e+02
8.200000000000000000e+01
3.400000000000000000e+01
5.940000000000000000e+02
1.880000000000000000e+02
4.220000000000000000e+02
4.930000000000000000e+02
1.860000000000000000e+02
7.100000000000000000e+02
1.760000000000000000e+02
2.470000000000000000e+02
1.890000000000000000e+02
7.690000000000000000e+02
3.020000000000000000e+02
5.600000000000000000e+02
2.860000000000000000e+02
4.940000000000000000e+02
3.200000000000000000e+01
7.540000000000000000e+02
5.410000000000000000e+02
1.500000000000000000e+02
1.850000000000000000e+02
4.620000000000000000e+02
4.460000000000000000e+02
3.720000000000000000e+02
1.470000000000000000e+02
5.680000000000000000e+02
5.350000000000000000e+02
1.430000000000000000e+02
