2.850000000000000000e+02
2.710000000000000000e+02
6.620000000000000000e+02
1.050000000000000000e+02
4.580000000000000000e+02
6.150000000000000000e+02
1.450000000000000000e+02
5.460000000000000000e+02
6.750000000000000000e+02
3.240000000000000000e+02
2.500000000000000000e+01
4.610000000000000000e+02
8.030000000000000000e+02
5.990000000000000000e+02
7.460000000000000000e+02
5.930000000000000000e+02
4.570000000000000000e+02
7.390000000000000000e+02
8.030000000000000000e+02
7.060000000000000000e+02
8.060000000000000000e+02
2.440000000000000000e+02
3.860000000000000000e+02
7.160000000000000000e+02
4.960000000000000000e+02
4.000000000000000000e+01
6.960000000000000000e+02
3.670000000000000000e+02
2.120000000000000000e+02
7.800000000000000000e+02
5.170000000000000000e+02
5.640000000000000000e+02
6.040000000000000000e+02
5.350000000000000000e+02
5.290000000000000000e+02
1.250000000000000000e+02
4.400000000000000000e+02
3.660000000000000000e+02
7.970000000000000000e+02
3.500000000000000000e+02
1.420000000000000000e+02
5.310000000000000000e+02
5.200000000000000000e+01
5.320000000000000000e+02
6.020000000000000000e+02
1.600000000000000000e+01
2.600000000000000000e+02
5.680000000000000000e+02
8.090000000000000000e+02
9.400000000000000000e+01
3.970000000000000000e+02
2.680000000000000000e+02
8.090000000000000000e+02
4.400000000000000000e+02
3.750000000000000000e+02
2.870000000000000000e+02
4.070000000000000000e+02
4.880000000000000000e+02
6.500000000000000000e+01
3.660000000000000000e+02
1.030000000000000000e+02
3.500000000000000000e+02
5.900000000000000000e+02
5.640000000000000000e+02
1.640000000000000000e+02
3.080000000000000000e+02
4.520000000000000000e+02
5.140000000000000000e+02
5.660000000000000000e+02
2.520000000000000000e+02
7.200000000000000000e+02
4.830000000000000000e+02
5.130000000000000000e+02
6.860000000000000000e+02
7.300000000000000000e+02
5.330000000000000000e+02
6.500000000000000000e+02
6.440000000000000000e+02
4.400000000000000000e+01
5.050000000000000000e+02
7.380000000000000000e+02
9.200000000000000000e+01
5.560000000000000000e+02
1.710000000000000000e+02
6.150000000000000000e+02
1.660000000000000000e+02
1.930000000000000000e+02
5.010000000000000000e+02
5.470000000000000000e+02
4.630000000000000000e+02
2.310000000000000000e+02
2.700000000000000000e+02
2.750000000000000000e+02
7.900000000000000000e+02
2.080000000000000000e+02
5.370000000000000000e+02
2.280000000000000000e+02
3.750000000000000000e+02
6.570000000000000000e+02
3.720000000000000000e+02
9.400000000000000000e+01
4.710000000000000000e+02
2.870000000000000000e+02
8.090000000000000000e+02
7.400000000000000000e+01
4.220000000000000000e+02
5.750000000000000000e+02
8.190000000000000000e+02
5.020000000000000000e+02
7.020000000000000000e+02
6.980000000000000000e+02
4.160000000000000000e+02
8.060000000000000000e+02
2.420000000000000000e+02
6.540000000000000000e+02
3.990000000000000000e+02
1.430000000000000000e+02
4.140000000000000000e+02
5.770000000000000000e+02
3.670000000000000000e+02
5.320000000000000000e+02
8.090000000000000000e+02
6.360000000000000000e+02
2.420000000000000000e+02
3.930000000000000000e+02
4.050000000000000000e+02
5.200000000000000000e+02
1.890000000000000000e+02
6.150000000000000000e+02
4.290000000000000000e+02
8.110000000000000000e+02
4.940000000000000000e+02
6.290000000000000000e+02
1.500000000000000000e+01
4.470000000000000000e+02
6.240000000000000000e+02
1.000000000000000000e+02
1.590000000000000000e+02
6.560000000000000000e+02
3.730000000000000000e+02
1.290000000000000000e+02
6.060000000000000000e+02
2.590000000000000000e+02
3.920000000000000000e+02
7.360000000000000000e+02
2.900000000000000000e+02
3.140000000000000000e+02
1.820000000000000000e+02
2.680000000000000000e+02
1.000000000000000000e+00
5.150000000000000000e+02
2.160000000000000000e+02
7.000000000000000000e+00
6.890000000000000000e+02
4.170000000000000000e+02
5.650000000000000000e+02
7.770000000000000000e+02
3.250000000000000000e+02
7.810000000000000000e+02
5.920000000000000000e+02
5.420000000000000000e+02
4.110000000000000000e+02
6.980000000000000000e+02
8.100000000000000000e+01
6.880000000000000000e+02
2.070000000000000000e+02
5.200000000000000000e+02
6.530000000000000000e+02
2.500000000000000000e+02
6.410000000000000000e+02
6.380000000000000000e+02
1.300000000000000000e+01
7.000000000000000000e+02
7.310000000000000000e+02
7.000000000000000000e+00
7.370000000000000000e+02
7.690000000000000000e+02
9.200000000000000000e+01
5.810000000000000000e+02
2.760000000000000000e+02
6.700000000000000000e+02
6.380000000000000000e+02
2.550000000000000000e+02
6.410000000000000000e+02
7.110000000000000000e+02
4.000000000000000000e+01
5.100000000000000000e+02
8.230000000000000000e+02
7.910000000000000000e+02
1.000000000000000000e+01
3.360000000000000000e+02
7.510000000000000000e+02
9.100000000000000000e+01
6.440000000000000000e+02
2.730000000000000000e+02
3.750000000000000000e+02
9.700000000000000000e+01
3.100000000000000000e+02
7.970000000000000000e+02
6.690000000000000000e+02
4.100000000000000000e+01
7.400000000000000000e+01
1.600000000000000000e+02
4.900000000000000000e+01
8.030000000000000000e+02
8.020000000000000000e+02
5.040000000000000000e+02
5.900000000000000000e+02
4.590000000000000000e+02
7.670000000000000000e+02
6.980000000000000000e+02
7.800000000000000000e+01
4.460000000000000000e+02
7.000000000000000000e+00
6.880000000000000000e+02
6.440000000000000000e+02
6.570000000000000000e+02
4.800000000000000000e+01
1.850000000000000000e+02
6.060000000000000000e+02
7.800000000000000000e+01
7.440000000000000000e+02
2.240000000000000000e+02
4.780000000000000000e+02
6.440000000000000000e+02
7.360000000000000000e+02
1.370000000000000000e+02
4.860000000000000000e+02
1.950000000000000000e+02
6.300000000000000000e+01
2.500000000000000000e+01
5.100000000000000000e+02
5.420000000000000000e+02
5.400000000000000000e+02
9.700000000000000000e+01
8.160000000000000000e+02
1.760000000000000000e+02
5.990000000000000000e+02
5.460000000000000000e+02
7.700000000000000000e+02
7.510000000000000000e+02
6.230000000000000000e+02
1.800000000000000000e+02
5.060000000000000000e+02
3.990000000000000000e+02
3.270000000000000000e+02
3.260000000000000000e+02
1.100000000000000000e+01
9.900000000000000000e+01
4.660000000000000000e+02
6.100000000000000000e+01
7.980000000000000000e+02
7.670000000000000000e+02
6.520000000000000000e+02
2.000000000000000000e+01
3.220000000000000000e+02
9.700000000000000000e+01
5.900000000000000000e+01
1.930000000000000000e+02
2.220000000000000000e+02
4.980000000000000000e+02
5.280000000000000000e+02
5.700000000000000000e+02
6.090000000000000000e+02
4.440000000000000000e+02
6.180000000000000000e+02
7.460000000000000000e+02
1.400000000000000000e+01
6.120000000000000000e+02
6.840000000000000000e+02
6.700000000000000000e+02
3.420000000000000000e+02
4.210000000000000000e+02
4.820000000000000000e+02
6.060000000000000000e+02
3.580000000000000000e+02
1.900000000000000000e+01
4.460000000000000000e+02
6.300000000000000000e+01
5.410000000000000000e+02
6.410000000000000000e+02
5.410000000000000000e+02
5.420000000000000000e+02
6.200000000000000000e+01
1.700000000000000000e+02
5.850000000000000000e+02
8.110000000000000000e+02
3.700000000000000000e+02
7.340000000000000000e+02
5.270000000000000000e+02
5.560000000000000000e+02
4.070000000000000000e+02
5.290000000000000000e+02
2.780000000000000000e+02
2.510000000000000000e+02
6.810000000000000000e+02
2.500000000000000000e+01
5.370000000000000000e+02
1.410000000000000000e+02
1.420000000000000000e+02
7.450000000000000000e+02
2.140000000000000000e+02
4.440000000000000000e+02
4.560000000000000000e+02
7.200000000000000000e+01
2.070000000000000000e+02
2.820000000000000000e+02
7.490000000000000000e+02
3.660000000000000000e+02
2.100000000000000000e+01
2.250000000000000000e+02
4.580000000000000000e+02
4.780000000000000000e+02
5.430000000000000000e+02
7.490000000000000000e+02
6.780000000000000000e+02
2.710000000000000000e+02
2.130000000000000000e+02
9.000000000000000000e+01
1.520000000000000000e+02
8.180000000000000000e+02
4.570000000000000000e+02
8.000000000000000000e+00
5.620000000000000000e+02
5.820000000000000000e+02
2.470000000000000000e+02
3.130000000000000000e+02
2.190000000000000000e+02
7.410000000000000000e+02
1.300000000000000000e+01
6.300000000000000000e+01
4.820000000000000000e+02
3.130000000000000000e+02
5.020000000000000000e+02
2.120000000000000000e+02
1.540000000000000000e+02
6.970000000000000000e+02
4.220000000000000000e+02
7.030000000000000000e+02
5.400000000000000000e+02
4.700000000000000000e+01
2.370000000000000000e+02
2.490000000000000000e+02
1.120000000000000000e+02
1.830000000000000000e+02
5.190000000000000000e+02
5.650000000000000000e+02
6.970000000000000000e+02
2.310000000000000000e+02
2.870000000000000000e+02
4.160000000000000000e+02
4.680000000000000000e+02
9.400000000000000000e+01
4.170000000000000000e+02
7.180000000000000000e+02
5.230000000000000000e+02
1.300000000000000000e+02
1.000000000000000000e+01
7.910000000000000000e+02
4.290000000000000000e+02
2.590000000000000000e+02
6.830000000000000000e+02
6.600000000000000000e+02
5.700000000000000000e+01
6.500000000000000000e+02
2.720000000000000000e+02
6.200000000000000000e+01
5.530000000000000000e+02
6.670000000000000000e+02
1.070000000000000000e+02
1.710000000000000000e+02
2.880000000000000000e+02
7.200000000000000000e+01
3.590000000000000000e+02
1.420000000000000000e+02
3.570000000000000000e+02
2.800000000000000000e+02
4.470000000000000000e+02
5.800000000000000000e+02
2.200000000000000000e+02
1.960000000000000000e+02
2.170000000000000000e+02
2.160000000000000000e+02
6.530000000000000000e+02
7.800000000000000000e+02
4.830000000000000000e+02
2.770000000000000000e+02
6.000000000000000000e+02
4.360000000000000000e+02
1.710000000000000000e+02
7.350000000000000000e+02
2.260000000000000000e+02
1.470000000000000000e+02
1.870000000000000000e+02
4.870000000000000000e+02
4.000000000000000000e+02
6.090000000000000000e+02
4.570000000000000000e+02
7.500000000000000000e+02
6.430000000000000000e+02
3.220000000000000000e+02
4.340000000000000000e+02
3.010000000000000000e+02
6.300000000000000000e+01
4.120000000000000000e+02
1.650000000000000000e+02
2.070000000000000000e+02
1.590000000000000000e+02
4.780000000000000000e+02
1.830000000000000000e+02
2.340000000000000000e+02
4.800000000000000000e+01
5.640000000000000000e+02
1.730000000000000000e+02
7.350000000000000000e+02
3.290000000000000000e+02
6.500000000000000000e+02
7.000000000000000000e+02
7.650000000000000000e+02
6.870000000000000000e+02
3.680000000000000000e+02
8.230000000000000000e+02
4.160000000000000000e+02
5.900000000000000000e+02
3.070000000000000000e+02
3.950000000000000000e+02
3.450000000000000000e+02
2.400000000000000000e+01
2.260000000000000000e+02
2.380000000000000000e+02
1.980000000000000000e+02
5.000000000000000000e+00
7.260000000000000000e+02
2.240000000000000000e+02
8.900000000000000000e+01
2.880000000000000000e+02
4.390000000000000000e+02
5.890000000000000000e+02
5.840000000000000000e+02
1.690000000000000000e+02
4.340000000000000000e+02
4.040000000000000000e+02
4.610000000000000000e+02
7.360000000000000000e+02
4.920000000000000000e+02
1.420000000000000000e+02
5.330000000000000000e+02
5.050000000000000000e+02
4.290000000000000000e+02
2.700000000000000000e+02
1.550000000000000000e+02
7.540000000000000000e+02
1.410000000000000000e+02
6.370000000000000000e+02
3.200000000000000000e+01
4.500000000000000000e+01
5.940000000000000000e+02
7.800000000000000000e+02
7.970000000000000000e+02
5.720000000000000000e+02
2.430000000000000000e+02
8.600000000000000000e+01
1.540000000000000000e+02
5.670000000000000000e+02
5.100000000000000000e+02
1.680000000000000000e+02
7.000000000000000000e+02
3.760000000000000000e+02
3.320000000000000000e+02
3.640000000000000000e+02
4.430000000000000000e+02
4.960000000000000000e+02
1.890000000000000000e+02
4.100000000000000000e+01
8.100000000000000000e+02
1.700000000000000000e+02
5.580000000000000000e+02
7.780000000000000000e+02
6.830000000000000000e+02
3.260000000000000000e+02
8.150000000000000000e+02
5.050000000000000000e+02
2.880000000000000000e+02
7.970000000000000000e+02
4.540000000000000000e+02
7.700000000000000000e+02
1.000000000000000000e+02
4.560000000000000000e+02
2.330000000000000000e+02
5.050000000000000000e+02
5.390000000000000000e+02
4.540000000000000000e+02
6.960000000000000000e+02
5.920000000000000000e+02
2.600000000000000000e+02
1.340000000000000000e+02
8.300000000000000000e+01
3.350000000000000000e+02
5.840000000000000000e+02
2.330000000000000000e+02
5.340000000000000000e+02
1.130000000000000000e+02
5.530000000000000000e+02
2.350000000000000000e+02
4.900000000000000000e+01
3.510000000000000000e+02
4.900000000000000000e+02
1.020000000000000000e+02
4.100000000000000000e+01
3.710000000000000000e+02
3.610000000000000000e+02
9.900000000000000000e+01
5.710000000000000000e+02
5.400000000000000000e+02
3.100000000000000000e+01
6.600000000000000000e+01
8.800000000000000000e+01
9.500000000000000000e+01
2.000000000000000000e+01
4.830000000000000000e+02
7.430000000000000000e+02
1.560000000000000000e+02
4.380000000000000000e+02
3.360000000000000000e+02
2.100000000000000000e+01
1.600000000000000000e+02
5.530000000000000000e+02
4.630000000000000000e+02
6.960000000000000000e+02
2.160000000000000000e+02
5.120000000000000000e+02
3.700000000000000000e+01
5.150000000000000000e+02
5.370000000000000000e+02
5.790000000000000000e+02
1.130000000000000000e+02
5.290000000000000000e+02
3.350000000000000000e+02
6.440000000000000000e+02
7.300000000000000000e+02
7.120000000000000000e+02
3.400000000000000000e+01
8.300000000000000000e+01
6.440000000000000000e+02
8.000000000000000000e+00
8.050000000000000000e+02
4.510000000000000000e+02
2.810000000000000000e+02
5.020000000000000000e+02
2.300000000000000000e+02
1.840000000000000000e+02
2.000000000000000000e+01
4.750000000000000000e+02
6.960000000000000000e+02
2.510000000000000000e+02
8.220000000000000000e+02
1.270000000000000000e+02
5.550000000000000000e+02
6.850000000000000000e+02
7.730000000000000000e+02
4.200000000000000000e+01
7.350000000000000000e+02
6.300000000000000000e+01
7.070000000000000000e+02
4.050000000000000000e+02
4.440000000000000000e+02
2.200000000000000000e+02
5.900000000000000000e+02
7.560000000000000000e+02
2.820000000000000000e+02
5.820000000000000000e+02
3.330000000000000000e+02
2.280000000000000000e+02
9.200000000000000000e+01
6.970000000000000000e+02
3.700000000000000000e+02
7.240000000000000000e+02
1.600000000000000000e+02
8.000000000000000000e+01
2.770000000000000000e+02
3.000000000000000000e+00
7.900000000000000000e+02
1.110000000000000000e+02
2.870000000000000000e+02
1.420000000000000000e+02
1.250000000000000000e+02
2.230000000000000000e+02
1.800000000000000000e+02
2.760000000000000000e+02
6.100000000000000000e+01
4.310000000000000000e+02
8.900000000000000000e+01
8.000000000000000000e+01
1.000000000000000000e+01
7.000000000000000000e+01
6.250000000000000000e+02
1.500000000000000000e+01
1.070000000000000000e+02
3.850000000000000000e+02
8.080000000000000000e+02
3.400000000000000000e+02
4.210000000000000000e+02
7.790000000000000000e+02
6.900000000000000000e+01
7.840000000000000000e+02
1.600000000000000000e+01
4.220000000000000000e+02
6.090000000000000000e+02
5.590000000000000000e+02
2.500000000000000000e+02
5.940000000000000000e+02
3.920000000000000000e+02
2.850000000000000000e+02
7.070000000000000000e+02
1.090000000000000000e+02
5.340000000000000000e+02
2.590000000000000000e+02
8.100000000000000000e+02
3.620000000000000000e+02
7.260000000000000000e+02
6.880000000000000000e+02
6.530000000000000000e+02
6.150000000000000000e+02
4.780000000000000000e+02
6.030000000000000000e+02
7.640000000000000000e+02
1.830000000000000000e+02
5.200000000000000000e+01
4.000000000000000000e+01
8.090000000000000000e+02
7.980000000000000000e+02
5.810000000000000000e+02
2.080000000000000000e+02
1.870000000000000000e+02
5.600000000000000000e+01
5.540000000000000000e+02
4.770000000000000000e+02
6.700000000000000000e+02
1.450000000000000000e+02
4.630000000000000000e+02
1.510000000000000000e+02
3.490000000000000000e+02
5.600000000000000000e+01
6.340000000000000000e+02
1.420000000000000000e+02
3.630000000000000000e+02
7.840000000000000000e+02
3.490000000000000000e+02
1.000000000000000000e+02
8.200000000000000000e+02
2.380000000000000000e+02
