7.050000000000000000e+02
5.480000000000000000e+02
3.100000000000000000e+02
5.370000000000000000e+02
6.410000000000000000e+02
4.270000000000000000e+02
6.840000000000000000e+02
4.960000000000000000e+02
2.080000000000000000e+02
1.840000000000000000e+02
1.170000000000000000e+02
7.010000000000000000e+02
6.530000000000000000e+02
2.930000000000000000e+02
2.390000000000000000e+02
4.990000000000000000e+02
7.300000000000000000e+01
6.020000000000000000e+02
3.950000000000000000e+02
3.660000000000000000e+02
6.850000000000000000e+02
6.340000000000000000e+02
4.650000000000000000e+02
9.400000000000000000e+01
6.060000000000000000e+02
4.510000000000000000e+02
7.000000000000000000e+00
3.820000000000000000e+02
2.900000000000000000e+02
4.830000000000000000e+02
6.900000000000000000e+02
1.790000000000000000e+02
5.180000000000000000e+02
2.870000000000000000e+02
3.240000000000000000e+02
4.870000000000000000e+02
5.140000000000000000e+02
1.050000000000000000e+02
6.510000000000000000e+02
5.350000000000000000e+02
3.020000000000000000e+02
5.030000000000000000e+02
5.160000000000000000e+02
4.570000000000000000e+02
5.050000000000000000e+02
4.130000000000000000e+02
4.010000000000000000e+02
4.410000000000000000e+02
9.500000000000000000e+01
4.100000000000000000e+01
3.110000000000000000e+02
1.930000000000000000e+02
6.930000000000000000e+02
5.760000000000000000e+02
6.200000000000000000e+02
5.610000000000000000e+02
1.350000000000000000e+02
1.360000000000000000e+02
5.920000000000000000e+02
2.020000000000000000e+02
3.230000000000000000e+02
5.930000000000000000e+02
3.630000000000000000e+02
4.740000000000000000e+02
2.710000000000000000e+02
3.170000000000000000e+02
1.700000000000000000e+01
1.590000000000000000e+02
5.200000000000000000e+01
6.000000000000000000e+00
3.090000000000000000e+02
3.260000000000000000e+02
5.500000000000000000e+01
4.880000000000000000e+02
9.000000000000000000e+00
3.700000000000000000e+01
5.680000000000000000e+02
4.170000000000000000e+02
2.810000000000000000e+02
4.560000000000000000e+02
4.400000000000000000e+01
6.600000000000000000e+01
4.900000000000000000e+02
6.590000000000000000e+02
1.620000000000000000e+02
5.060000000000000000e+02
5.260000000000000000e+02
3.490000000000000000e+02
1.450000000000000000e+02
7.040000000000000000e+02
2.500000000000000000e+01
1.860000000000000000e+02
1.650000000000000000e+02
4.280000000000000000e+02
6.570000000000000000e+02
6.820000000000000000e+02
3.670000000000000000e+02
1.940000000000000000e+02
4.030000000000000000e+02
1.290000000000000000e+02
