1.600000000000000000e+01
7.920000000000000000e+02
5.970000000000000000e+02
5.450000000000000000e+02
2.140000000000000000e+02
4.000000000000000000e+01
5.580000000000000000e+02
1.940000000000000000e+02
7.050000000000000000e+02
3.690000000000000000e+02
3.050000000000000000e+02
6.290000000000000000e+02
7.380000000000000000e+02
4.200000000000000000e+02
7.690000000000000000e+02
6.750000000000000000e+02
5.740000000000000000e+02
7.960000000000000000e+02
1.280000000000000000e+02
4.930000000000000000e+02
1.360000000000000000e+02
2.700000000000000000e+02
6.240000000000000000e+02
6.840000000000000000e+02
9.000000000000000000e+01
6.820000000000000000e+02
2.500000000000000000e+01
4.950000000000000000e+02
5.030000000000000000e+02
5.800000000000000000e+01
6.870000000000000000e+02
7.810000000000000000e+02
2.950000000000000000e+02
1.000000000000000000e+00
2.360000000000000000e+02
1.340000000000000000e+02
6.330000000000000000e+02
2.660000000000000000e+02
8.210000000000000000e+02
6.130000000000000000e+02
2.600000000000000000e+02
6.060000000000000000e+02
2.640000000000000000e+02
3.400000000000000000e+02
1.960000000000000000e+02
1.210000000000000000e+02
2.240000000000000000e+02
5.650000000000000000e+02
8.900000000000000000e+01
2.830000000000000000e+02
7.470000000000000000e+02
6.160000000000000000e+02
8.230000000000000000e+02
3.280000000000000000e+02
4.460000000000000000e+02
6.340000000000000000e+02
3.870000000000000000e+02
6.250000000000000000e+02
2.620000000000000000e+02
1.420000000000000000e+02
3.640000000000000000e+02
1.320000000000000000e+02
8.020000000000000000e+02
4.520000000000000000e+02
1.230000000000000000e+02
7.640000000000000000e+02
5.660000000000000000e+02
4.380000000000000000e+02
8.190000000000000000e+02
1.020000000000000000e+02
1.070000000000000000e+02
7.320000000000000000e+02
6.000000000000000000e+00
5.000000000000000000e+00
3.070000000000000000e+02
2.320000000000000000e+02
1.500000000000000000e+02
2.410000000000000000e+02
7.980000000000000000e+02
9.200000000000000000e+01
4.800000000000000000e+01
3.250000000000000000e+02
6.720000000000000000e+02
2.290000000000000000e+02
3.370000000000000000e+02
3.710000000000000000e+02
3.180000000000000000e+02
6.220000000000000000e+02
5.190000000000000000e+02
6.130000000000000000e+02
6.120000000000000000e+02
3.370000000000000000e+02
1.350000000000000000e+02
7.400000000000000000e+01
4.290000000000000000e+02
3.100000000000000000e+02
2.820000000000000000e+02
1.070000000000000000e+02
6.130000000000000000e+02
3.870000000000000000e+02
3.470000000000000000e+02
1.170000000000000000e+02
4.620000000000000000e+02
4.700000000000000000e+01
5.060000000000000000e+02
4.500000000000000000e+01
2.930000000000000000e+02
9.200000000000000000e+01
5.680000000000000000e+02
5.340000000000000000e+02
3.420000000000000000e+02
7.790000000000000000e+02
1.290000000000000000e+02
1.530000000000000000e+02
6.010000000000000000e+02
4.170000000000000000e+02
4.060000000000000000e+02
2.540000000000000000e+02
5.950000000000000000e+02
1.100000000000000000e+01
5.990000000000000000e+02
7.240000000000000000e+02
6.330000000000000000e+02
7.260000000000000000e+02
6.440000000000000000e+02
7.940000000000000000e+02
1.640000000000000000e+02
5.050000000000000000e+02
6.500000000000000000e+02
5.650000000000000000e+02
5.600000000000000000e+01
6.870000000000000000e+02
4.410000000000000000e+02
1.670000000000000000e+02
7.940000000000000000e+02
5.600000000000000000e+02
1.690000000000000000e+02
1.040000000000000000e+02
2.300000000000000000e+02
4.790000000000000000e+02
2.590000000000000000e+02
2.640000000000000000e+02
6.030000000000000000e+02
6.490000000000000000e+02
2.410000000000000000e+02
6.290000000000000000e+02
7.810000000000000000e+02
7.360000000000000000e+02
9.900000000000000000e+01
5.660000000000000000e+02
1.280000000000000000e+02
5.880000000000000000e+02
6.620000000000000000e+02
5.730000000000000000e+02
4.400000000000000000e+01
9.000000000000000000e+00
2.770000000000000000e+02
4.880000000000000000e+02
7.880000000000000000e+02
8.140000000000000000e+02
6.600000000000000000e+02
2.410000000000000000e+02
4.700000000000000000e+01
1.590000000000000000e+02
3.380000000000000000e+02
4.380000000000000000e+02
5.780000000000000000e+02
7.750000000000000000e+02
6.760000000000000000e+02
5.720000000000000000e+02
4.190000000000000000e+02
3.610000000000000000e+02
1.350000000000000000e+02
1.740000000000000000e+02
7.220000000000000000e+02
5.540000000000000000e+02
5.480000000000000000e+02
9.600000000000000000e+01
3.360000000000000000e+02
6.400000000000000000e+02
4.830000000000000000e+02
1.040000000000000000e+02
2.950000000000000000e+02
4.540000000000000000e+02
9.300000000000000000e+01
3.750000000000000000e+02
2.130000000000000000e+02
3.300000000000000000e+02
2.780000000000000000e+02
1.930000000000000000e+02
7.100000000000000000e+02
7.930000000000000000e+02
3.400000000000000000e+01
2.000000000000000000e+00
3.970000000000000000e+02
2.770000000000000000e+02
5.500000000000000000e+02
2.020000000000000000e+02
7.510000000000000000e+02
2.700000000000000000e+02
5.920000000000000000e+02
5.260000000000000000e+02
3.420000000000000000e+02
3.410000000000000000e+02
1.020000000000000000e+02
5.190000000000000000e+02
1.140000000000000000e+02
1.020000000000000000e+02
4.690000000000000000e+02
2.900000000000000000e+02
5.790000000000000000e+02
1.070000000000000000e+02
6.160000000000000000e+02
1.940000000000000000e+02
5.740000000000000000e+02
2.500000000000000000e+01
5.950000000000000000e+02
7.850000000000000000e+02
4.170000000000000000e+02
6.340000000000000000e+02
7.370000000000000000e+02
2.170000000000000000e+02
4.430000000000000000e+02
5.500000000000000000e+02
5.660000000000000000e+02
5.740000000000000000e+02
2.780000000000000000e+02
6.600000000000000000e+01
7.430000000000000000e+02
5.350000000000000000e+02
2.440000000000000000e+02
3.360000000000000000e+02
7.710000000000000000e+02
3.480000000000000000e+02
6.900000000000000000e+02
1.600000000000000000e+01
4.120000000000000000e+02
4.520000000000000000e+02
2.880000000000000000e+02
6.600000000000000000e+01
6.960000000000000000e+02
6.230000000000000000e+02
6.270000000000000000e+02
5.340000000000000000e+02
2.250000000000000000e+02
2.630000000000000000e+02
2.100000000000000000e+01
5.440000000000000000e+02
4.920000000000000000e+02
5.480000000000000000e+02
1.570000000000000000e+02
6.200000000000000000e+01
6.380000000000000000e+02
2.590000000000000000e+02
7.690000000000000000e+02
4.360000000000000000e+02
3.260000000000000000e+02
3.360000000000000000e+02
2.360000000000000000e+02
1.410000000000000000e+02
9.000000000000000000e+00
3.990000000000000000e+02
5.170000000000000000e+02
8.190000000000000000e+02
1.990000000000000000e+02
1.400000000000000000e+02
4.010000000000000000e+02
6.220000000000000000e+02
2.770000000000000000e+02
4.040000000000000000e+02
6.780000000000000000e+02
4.710000000000000000e+02
3.990000000000000000e+02
2.710000000000000000e+02
5.270000000000000000e+02
4.610000000000000000e+02
5.680000000000000000e+02
7.700000000000000000e+02
3.500000000000000000e+02
4.920000000000000000e+02
1.170000000000000000e+02
4.670000000000000000e+02
6.560000000000000000e+02
1.610000000000000000e+02
1.780000000000000000e+02
5.970000000000000000e+02
6.250000000000000000e+02
9.300000000000000000e+01
5.930000000000000000e+02
8.150000000000000000e+02
1.320000000000000000e+02
1.220000000000000000e+02
7.560000000000000000e+02
7.930000000000000000e+02
1.270000000000000000e+02
6.020000000000000000e+02
4.500000000000000000e+01
7.650000000000000000e+02
7.370000000000000000e+02
4.410000000000000000e+02
3.720000000000000000e+02
1.090000000000000000e+02
8.110000000000000000e+02
1.590000000000000000e+02
3.900000000000000000e+01
7.820000000000000000e+02
1.860000000000000000e+02
1.230000000000000000e+02
6.900000000000000000e+02
8.110000000000000000e+02
1.130000000000000000e+02
3.850000000000000000e+02
7.320000000000000000e+02
7.190000000000000000e+02
6.600000000000000000e+01
1.780000000000000000e+02
8.900000000000000000e+01
4.660000000000000000e+02
1.810000000000000000e+02
6.060000000000000000e+02
3.960000000000000000e+02
4.290000000000000000e+02
6.700000000000000000e+01
1.670000000000000000e+02
2.250000000000000000e+02
3.950000000000000000e+02
9.800000000000000000e+01
5.730000000000000000e+02
5.130000000000000000e+02
2.440000000000000000e+02
7.720000000000000000e+02
4.800000000000000000e+01
3.300000000000000000e+02
7.910000000000000000e+02
6.950000000000000000e+02
3.490000000000000000e+02
3.970000000000000000e+02
5.420000000000000000e+02
6.390000000000000000e+02
5.830000000000000000e+02
8.160000000000000000e+02
4.460000000000000000e+02
2.240000000000000000e+02
1.300000000000000000e+01
5.790000000000000000e+02
5.270000000000000000e+02
2.930000000000000000e+02
6.890000000000000000e+02
3.540000000000000000e+02
3.000000000000000000e+02
3.120000000000000000e+02
6.690000000000000000e+02
5.950000000000000000e+02
3.830000000000000000e+02
5.870000000000000000e+02
7.360000000000000000e+02
2.210000000000000000e+02
2.130000000000000000e+02
3.590000000000000000e+02
1.550000000000000000e+02
5.840000000000000000e+02
5.020000000000000000e+02
7.040000000000000000e+02
1.650000000000000000e+02
5.430000000000000000e+02
2.600000000000000000e+01
7.770000000000000000e+02
4.590000000000000000e+02
2.200000000000000000e+02
6.680000000000000000e+02
7.210000000000000000e+02
8.180000000000000000e+02
8.100000000000000000e+02
6.810000000000000000e+02
3.560000000000000000e+02
2.000000000000000000e+00
5.310000000000000000e+02
1.000000000000000000e+01
8.110000000000000000e+02
5.560000000000000000e+02
6.270000000000000000e+02
5.470000000000000000e+02
4.340000000000000000e+02
2.880000000000000000e+02
5.390000000000000000e+02
1.590000000000000000e+02
6.200000000000000000e+01
6.150000000000000000e+02
3.930000000000000000e+02
6.690000000000000000e+02
2.090000000000000000e+02
6.690000000000000000e+02
1.070000000000000000e+02
5.370000000000000000e+02
1.960000000000000000e+02
1.690000000000000000e+02
8.060000000000000000e+02
7.880000000000000000e+02
1.090000000000000000e+02
6.320000000000000000e+02
4.610000000000000000e+02
1.860000000000000000e+02
2.170000000000000000e+02
6.320000000000000000e+02
5.420000000000000000e+02
7.490000000000000000e+02
3.290000000000000000e+02
4.940000000000000000e+02
5.780000000000000000e+02
7.490000000000000000e+02
3.640000000000000000e+02
5.050000000000000000e+02
6.520000000000000000e+02
1.300000000000000000e+02
4.680000000000000000e+02
4.480000000000000000e+02
2.120000000000000000e+02
2.600000000000000000e+02
1.360000000000000000e+02
1.800000000000000000e+02
1.600000000000000000e+02
3.410000000000000000e+02
1.210000000000000000e+02
6.070000000000000000e+02
5.780000000000000000e+02
5.440000000000000000e+02
3.650000000000000000e+02
7.110000000000000000e+02
5.910000000000000000e+02
2.730000000000000000e+02
5.150000000000000000e+02
6.570000000000000000e+02
6.220000000000000000e+02
2.360000000000000000e+02
8.150000000000000000e+02
3.580000000000000000e+02
7.980000000000000000e+02
6.690000000000000000e+02
1.500000000000000000e+02
1.510000000000000000e+02
8.090000000000000000e+02
2.980000000000000000e+02
4.120000000000000000e+02
3.510000000000000000e+02
3.050000000000000000e+02
6.850000000000000000e+02
4.940000000000000000e+02
2.820000000000000000e+02
7.670000000000000000e+02
3.600000000000000000e+02
6.500000000000000000e+02
7.940000000000000000e+02
5.690000000000000000e+02
6.700000000000000000e+01
3.120000000000000000e+02
4.320000000000000000e+02
7.640000000000000000e+02
1.000000000000000000e+00
7.730000000000000000e+02
1.340000000000000000e+02
3.820000000000000000e+02
1.370000000000000000e+02
4.750000000000000000e+02
1.830000000000000000e+02
5.230000000000000000e+02
5.900000000000000000e+01
1.120000000000000000e+02
6.840000000000000000e+02
5.950000000000000000e+02
6.320000000000000000e+02
1.210000000000000000e+02
9.200000000000000000e+01
7.730000000000000000e+02
1.570000000000000000e+02
2.160000000000000000e+02
3.590000000000000000e+02
3.960000000000000000e+02
4.360000000000000000e+02
4.970000000000000000e+02
5.540000000000000000e+02
6.010000000000000000e+02
6.140000000000000000e+02
6.910000000000000000e+02
1.730000000000000000e+02
8.200000000000000000e+02
4.930000000000000000e+02
6.490000000000000000e+02
3.360000000000000000e+02
9.600000000000000000e+01
2.540000000000000000e+02
7.690000000000000000e+02
3.260000000000000000e+02
3.900000000000000000e+01
7.390000000000000000e+02
1.420000000000000000e+02
6.240000000000000000e+02
3.400000000000000000e+01
5.690000000000000000e+02
6.090000000000000000e+02
6.130000000000000000e+02
9.200000000000000000e+01
4.900000000000000000e+02
1.900000000000000000e+01
6.060000000000000000e+02
1.120000000000000000e+02
3.580000000000000000e+02
2.260000000000000000e+02
1.650000000000000000e+02
5.830000000000000000e+02
3.380000000000000000e+02
5.320000000000000000e+02
6.370000000000000000e+02
3.300000000000000000e+02
3.250000000000000000e+02
7.870000000000000000e+02
1.460000000000000000e+02
7.020000000000000000e+02
2.870000000000000000e+02
7.070000000000000000e+02
8.020000000000000000e+02
7.750000000000000000e+02
5.370000000000000000e+02
2.000000000000000000e+02
2.780000000000000000e+02
4.570000000000000000e+02
4.100000000000000000e+01
6.780000000000000000e+02
4.130000000000000000e+02
6.010000000000000000e+02
5.770000000000000000e+02
1.030000000000000000e+02
3.280000000000000000e+02
5.230000000000000000e+02
5.310000000000000000e+02
5.430000000000000000e+02
7.200000000000000000e+01
1.950000000000000000e+02
8.210000000000000000e+02
2.210000000000000000e+02
2.100000000000000000e+01
2.880000000000000000e+02
2.630000000000000000e+02
5.590000000000000000e+02
1.500000000000000000e+02
4.640000000000000000e+02
7.820000000000000000e+02
2.130000000000000000e+02
6.150000000000000000e+02
1.070000000000000000e+02
3.950000000000000000e+02
2.840000000000000000e+02
7.120000000000000000e+02
7.010000000000000000e+02
6.200000000000000000e+01
4.960000000000000000e+02
3.950000000000000000e+02
3.750000000000000000e+02
3.730000000000000000e+02
4.810000000000000000e+02
3.510000000000000000e+02
5.280000000000000000e+02
1.490000000000000000e+02
2.660000000000000000e+02
1.570000000000000000e+02
3.670000000000000000e+02
4.000000000000000000e+02
3.020000000000000000e+02
7.060000000000000000e+02
1.300000000000000000e+02
2.870000000000000000e+02
7.040000000000000000e+02
5.370000000000000000e+02
1.930000000000000000e+02
2.600000000000000000e+02
5.640000000000000000e+02
4.430000000000000000e+02
3.870000000000000000e+02
7.190000000000000000e+02
4.650000000000000000e+02
5.700000000000000000e+02
7.090000000000000000e+02
1.500000000000000000e+02
6.420000000000000000e+02
3.880000000000000000e+02
6.400000000000000000e+01
6.630000000000000000e+02
5.870000000000000000e+02
6.980000000000000000e+02
4.050000000000000000e+02
3.650000000000000000e+02
2.350000000000000000e+02
3.970000000000000000e+02
4.700000000000000000e+01
2.950000000000000000e+02
2.090000000000000000e+02
6.400000000000000000e+01
3.000000000000000000e+00
4.400000000000000000e+01
3.140000000000000000e+02
7.250000000000000000e+02
3.220000000000000000e+02
4.070000000000000000e+02
1.320000000000000000e+02
5.940000000000000000e+02
2.200000000000000000e+02
7.710000000000000000e+02
5.020000000000000000e+02
4.130000000000000000e+02
6.090000000000000000e+02
7.380000000000000000e+02
6.320000000000000000e+02
6.430000000000000000e+02
6.500000000000000000e+01
4.200000000000000000e+01
1.930000000000000000e+02
6.900000000000000000e+02
1.430000000000000000e+02
6.960000000000000000e+02
5.190000000000000000e+02
3.000000000000000000e+00
7.030000000000000000e+02
8.160000000000000000e+02
6.450000000000000000e+02
3.400000000000000000e+01
5.320000000000000000e+02
5.940000000000000000e+02
7.320000000000000000e+02
7.480000000000000000e+02
2.760000000000000000e+02
2.730000000000000000e+02
5.360000000000000000e+02
5.310000000000000000e+02
4.650000000000000000e+02
7.690000000000000000e+02
6.620000000000000000e+02
3.720000000000000000e+02
4.880000000000000000e+02
3.010000000000000000e+02
8.080000000000000000e+02
7.410000000000000000e+02
4.740000000000000000e+02
2.550000000000000000e+02
4.390000000000000000e+02
2.210000000000000000e+02
7.800000000000000000e+01
6.980000000000000000e+02
6.700000000000000000e+01
1.400000000000000000e+01
1.970000000000000000e+02
3.410000000000000000e+02
1.890000000000000000e+02
