4.980000000000000000e+02
3.330000000000000000e+02
7.950000000000000000e+02
2.550000000000000000e+02
7.730000000000000000e+02
7.200000000000000000e+02
2.760000000000000000e+02
4.220000000000000000e+02
4.670000000000000000e+02
4.320000000000000000e+02
4.900000000000000000e+02
4.780000000000000000e+02
8.230000000000000000e+02
7.200000000000000000e+01
5.010000000000000000e+02
4.990000000000000000e+02
2.130000000000000000e+02
1.410000000000000000e+02
1.270000000000000000e+02
6.810000000000000000e+02
1.080000000000000000e+02
4.220000000000000000e+02
1.210000000000000000e+02
7.700000000000000000e+02
5.750000000000000000e+02
3.120000000000000000e+02
4.500000000000000000e+01
5.910000000000000000e+02
7.390000000000000000e+02
3.000000000000000000e+00
3.930000000000000000e+02
7.850000000000000000e+02
7.030000000000000000e+02
3.340000000000000000e+02
7.230000000000000000e+02
6.150000000000000000e+02
3.510000000000000000e+02
2.500000000000000000e+02
5.530000000000000000e+02
2.070000000000000000e+02
2.630000000000000000e+02
4.960000000000000000e+02
6.230000000000000000e+02
1.950000000000000000e+02
1.930000000000000000e+02
4.050000000000000000e+02
4.130000000000000000e+02
6.830000000000000000e+02
3.970000000000000000e+02
7.120000000000000000e+02
4.510000000000000000e+02
2.900000000000000000e+02
3.100000000000000000e+01
2.600000000000000000e+01
1.420000000000000000e+02
5.680000000000000000e+02
5.140000000000000000e+02
5.250000000000000000e+02
2.980000000000000000e+02
4.010000000000000000e+02
1.970000000000000000e+02
1.510000000000000000e+02
7.980000000000000000e+02
7.950000000000000000e+02
4.540000000000000000e+02
5.350000000000000000e+02
2.600000000000000000e+01
3.960000000000000000e+02
4.180000000000000000e+02
1.210000000000000000e+02
1.100000000000000000e+01
2.100000000000000000e+02
4.940000000000000000e+02
4.670000000000000000e+02
7.900000000000000000e+02
5.550000000000000000e+02
1.350000000000000000e+02
9.300000000000000000e+01
6.240000000000000000e+02
3.670000000000000000e+02
3.990000000000000000e+02
1.040000000000000000e+02
2.850000000000000000e+02
8.300000000000000000e+01
7.500000000000000000e+02
6.290000000000000000e+02
4.560000000000000000e+02
1.960000000000000000e+02
4.220000000000000000e+02
4.710000000000000000e+02
7.320000000000000000e+02
7.010000000000000000e+02
6.420000000000000000e+02
2.470000000000000000e+02
5.510000000000000000e+02
1.080000000000000000e+02
1.980000000000000000e+02
7.310000000000000000e+02
4.220000000000000000e+02
1.600000000000000000e+02
8.110000000000000000e+02
5.530000000000000000e+02
1.460000000000000000e+02
1.300000000000000000e+01
3.920000000000000000e+02
4.710000000000000000e+02
5.800000000000000000e+02
5.890000000000000000e+02
1.400000000000000000e+02
6.490000000000000000e+02
3.900000000000000000e+02
7.560000000000000000e+02
8.010000000000000000e+02
3.260000000000000000e+02
8.020000000000000000e+02
4.650000000000000000e+02
5.470000000000000000e+02
2.640000000000000000e+02
7.200000000000000000e+01
7.260000000000000000e+02
2.000000000000000000e+02
5.480000000000000000e+02
1.360000000000000000e+02
4.940000000000000000e+02
2.000000000000000000e+00
5.880000000000000000e+02
2.000000000000000000e+00
5.980000000000000000e+02
5.310000000000000000e+02
6.360000000000000000e+02
6.560000000000000000e+02
7.910000000000000000e+02
1.620000000000000000e+02
4.400000000000000000e+02
6.680000000000000000e+02
8.150000000000000000e+02
1.570000000000000000e+02
7.260000000000000000e+02
6.450000000000000000e+02
8.190000000000000000e+02
5.800000000000000000e+02
5.570000000000000000e+02
3.450000000000000000e+02
6.450000000000000000e+02
4.220000000000000000e+02
3.590000000000000000e+02
2.100000000000000000e+01
6.630000000000000000e+02
1.730000000000000000e+02
2.090000000000000000e+02
4.600000000000000000e+01
4.040000000000000000e+02
7.200000000000000000e+01
5.260000000000000000e+02
7.090000000000000000e+02
3.560000000000000000e+02
8.230000000000000000e+02
5.360000000000000000e+02
3.510000000000000000e+02
6.680000000000000000e+02
2.600000000000000000e+01
6.950000000000000000e+02
3.690000000000000000e+02
7.110000000000000000e+02
4.750000000000000000e+02
6.400000000000000000e+02
1.490000000000000000e+02
2.500000000000000000e+02
1.470000000000000000e+02
8.160000000000000000e+02
6.060000000000000000e+02
7.190000000000000000e+02
7.000000000000000000e+01
3.240000000000000000e+02
3.120000000000000000e+02
7.430000000000000000e+02
4.810000000000000000e+02
6.300000000000000000e+01
5.340000000000000000e+02
9.100000000000000000e+01
7.800000000000000000e+02
3.460000000000000000e+02
6.050000000000000000e+02
1.540000000000000000e+02
2.780000000000000000e+02
2.700000000000000000e+02
4.940000000000000000e+02
2.170000000000000000e+02
9.000000000000000000e+00
6.990000000000000000e+02
2.750000000000000000e+02
3.860000000000000000e+02
6.050000000000000000e+02
2.260000000000000000e+02
1.300000000000000000e+02
2.850000000000000000e+02
2.100000000000000000e+02
6.520000000000000000e+02
2.870000000000000000e+02
3.830000000000000000e+02
4.660000000000000000e+02
1.090000000000000000e+02
8.230000000000000000e+02
8.600000000000000000e+01
5.590000000000000000e+02
1.530000000000000000e+02
4.820000000000000000e+02
7.560000000000000000e+02
3.760000000000000000e+02
1.740000000000000000e+02
1.610000000000000000e+02
3.130000000000000000e+02
4.810000000000000000e+02
4.800000000000000000e+01
1.960000000000000000e+02
6.450000000000000000e+02
3.780000000000000000e+02
4.710000000000000000e+02
5.630000000000000000e+02
1.650000000000000000e+02
7.650000000000000000e+02
4.050000000000000000e+02
4.510000000000000000e+02
4.930000000000000000e+02
6.600000000000000000e+02
6.860000000000000000e+02
4.070000000000000000e+02
6.010000000000000000e+02
1.650000000000000000e+02
4.990000000000000000e+02
6.950000000000000000e+02
6.700000000000000000e+01
5.700000000000000000e+02
6.110000000000000000e+02
7.780000000000000000e+02
6.560000000000000000e+02
7.180000000000000000e+02
5.460000000000000000e+02
1.960000000000000000e+02
4.970000000000000000e+02
7.390000000000000000e+02
3.330000000000000000e+02
7.200000000000000000e+01
1.490000000000000000e+02
1.650000000000000000e+02
7.460000000000000000e+02
6.700000000000000000e+01
8.130000000000000000e+02
6.310000000000000000e+02
2.780000000000000000e+02
5.670000000000000000e+02
6.640000000000000000e+02
8.100000000000000000e+02
6.850000000000000000e+02
6.670000000000000000e+02
5.480000000000000000e+02
5.370000000000000000e+02
7.960000000000000000e+02
2.220000000000000000e+02
2.310000000000000000e+02
4.480000000000000000e+02
4.780000000000000000e+02
5.800000000000000000e+02
4.700000000000000000e+02
4.610000000000000000e+02
1.460000000000000000e+02
6.690000000000000000e+02
2.770000000000000000e+02
2.210000000000000000e+02
1.900000000000000000e+01
6.500000000000000000e+01
3.320000000000000000e+02
7.400000000000000000e+01
7.310000000000000000e+02
6.440000000000000000e+02
6.670000000000000000e+02
6.390000000000000000e+02
4.340000000000000000e+02
9.900000000000000000e+01
8.150000000000000000e+02
5.010000000000000000e+02
4.800000000000000000e+01
4.220000000000000000e+02
8.010000000000000000e+02
5.770000000000000000e+02
5.370000000000000000e+02
3.000000000000000000e+02
4.000000000000000000e+02
3.830000000000000000e+02
7.270000000000000000e+02
6.570000000000000000e+02
1.170000000000000000e+02
6.400000000000000000e+01
6.400000000000000000e+01
7.690000000000000000e+02
1.490000000000000000e+02
8.800000000000000000e+01
5.450000000000000000e+02
7.640000000000000000e+02
4.740000000000000000e+02
7.400000000000000000e+01
6.910000000000000000e+02
2.460000000000000000e+02
2.980000000000000000e+02
7.980000000000000000e+02
6.500000000000000000e+02
3.270000000000000000e+02
7.930000000000000000e+02
8.000000000000000000e+00
2.840000000000000000e+02
4.610000000000000000e+02
7.400000000000000000e+01
5.320000000000000000e+02
5.580000000000000000e+02
2.000000000000000000e+00
4.310000000000000000e+02
8.190000000000000000e+02
5.570000000000000000e+02
7.370000000000000000e+02
8.100000000000000000e+02
1.810000000000000000e+02
1.000000000000000000e+02
2.870000000000000000e+02
7.450000000000000000e+02
7.420000000000000000e+02
7.870000000000000000e+02
2.070000000000000000e+02
5.470000000000000000e+02
6.630000000000000000e+02
5.550000000000000000e+02
7.000000000000000000e+00
5.670000000000000000e+02
5.200000000000000000e+02
3.830000000000000000e+02
8.190000000000000000e+02
7.790000000000000000e+02
1.800000000000000000e+02
7.260000000000000000e+02
5.030000000000000000e+02
3.760000000000000000e+02
5.360000000000000000e+02
2.700000000000000000e+02
7.490000000000000000e+02
4.130000000000000000e+02
1.500000000000000000e+02
5.600000000000000000e+01
2.700000000000000000e+02
7.500000000000000000e+02
7.800000000000000000e+01
7.450000000000000000e+02
3.580000000000000000e+02
4.900000000000000000e+01
3.270000000000000000e+02
1.500000000000000000e+02
7.150000000000000000e+02
3.180000000000000000e+02
7.030000000000000000e+02
3.330000000000000000e+02
5.090000000000000000e+02
7.700000000000000000e+02
6.300000000000000000e+02
7.900000000000000000e+01
3.100000000000000000e+02
8.170000000000000000e+02
4.560000000000000000e+02
3.690000000000000000e+02
5.590000000000000000e+02
5.200000000000000000e+02
6.070000000000000000e+02
3.400000000000000000e+01
7.510000000000000000e+02
6.320000000000000000e+02
3.410000000000000000e+02
6.610000000000000000e+02
1.100000000000000000e+01
3.980000000000000000e+02
1.830000000000000000e+02
6.470000000000000000e+02
5.810000000000000000e+02
4.560000000000000000e+02
6.190000000000000000e+02
7.000000000000000000e+02
2.190000000000000000e+02
5.130000000000000000e+02
6.980000000000000000e+02
5.810000000000000000e+02
7.000000000000000000e+00
7.560000000000000000e+02
7.730000000000000000e+02
1.730000000000000000e+02
1.000000000000000000e+00
5.290000000000000000e+02
2.780000000000000000e+02
5.400000000000000000e+02
1.020000000000000000e+02
5.620000000000000000e+02
4.770000000000000000e+02
2.580000000000000000e+02
6.330000000000000000e+02
4.070000000000000000e+02
1.320000000000000000e+02
2.620000000000000000e+02
7.800000000000000000e+01
3.760000000000000000e+02
1.730000000000000000e+02
3.090000000000000000e+02
8.230000000000000000e+02
8.100000000000000000e+02
5.530000000000000000e+02
4.980000000000000000e+02
7.900000000000000000e+02
1.690000000000000000e+02
2.100000000000000000e+02
3.480000000000000000e+02
5.790000000000000000e+02
5.350000000000000000e+02
8.900000000000000000e+01
3.820000000000000000e+02
7.320000000000000000e+02
1.040000000000000000e+02
4.370000000000000000e+02
8.140000000000000000e+02
3.610000000000000000e+02
6.440000000000000000e+02
3.590000000000000000e+02
2.000000000000000000e+00
3.640000000000000000e+02
1.560000000000000000e+02
1.830000000000000000e+02
1.800000000000000000e+02
1.930000000000000000e+02
2.900000000000000000e+02
4.200000000000000000e+01
1.600000000000000000e+01
1.230000000000000000e+02
4.780000000000000000e+02
4.460000000000000000e+02
4.400000000000000000e+02
6.350000000000000000e+02
2.460000000000000000e+02
9.800000000000000000e+01
3.180000000000000000e+02
4.910000000000000000e+02
3.930000000000000000e+02
2.070000000000000000e+02
4.400000000000000000e+02
7.060000000000000000e+02
5.560000000000000000e+02
5.020000000000000000e+02
4.370000000000000000e+02
7.180000000000000000e+02
1.600000000000000000e+01
1.670000000000000000e+02
4.210000000000000000e+02
4.650000000000000000e+02
2.120000000000000000e+02
1.940000000000000000e+02
6.370000000000000000e+02
4.860000000000000000e+02
4.120000000000000000e+02
6.060000000000000000e+02
3.670000000000000000e+02
5.660000000000000000e+02
2.010000000000000000e+02
4.200000000000000000e+01
8.200000000000000000e+01
6.860000000000000000e+02
6.430000000000000000e+02
5.480000000000000000e+02
4.910000000000000000e+02
2.020000000000000000e+02
4.320000000000000000e+02
7.870000000000000000e+02
7.480000000000000000e+02
3.100000000000000000e+01
9.100000000000000000e+01
7.090000000000000000e+02
3.300000000000000000e+02
3.660000000000000000e+02
5.190000000000000000e+02
4.370000000000000000e+02
3.500000000000000000e+02
2.640000000000000000e+02
5.810000000000000000e+02
2.880000000000000000e+02
2.300000000000000000e+02
8.080000000000000000e+02
3.550000000000000000e+02
5.370000000000000000e+02
7.450000000000000000e+02
4.540000000000000000e+02
8.160000000000000000e+02
2.720000000000000000e+02
8.190000000000000000e+02
4.790000000000000000e+02
1.710000000000000000e+02
4.810000000000000000e+02
3.500000000000000000e+02
9.400000000000000000e+01
1.550000000000000000e+02
3.120000000000000000e+02
4.770000000000000000e+02
6.470000000000000000e+02
7.900000000000000000e+01
1.710000000000000000e+02
2.770000000000000000e+02
7.950000000000000000e+02
3.140000000000000000e+02
3.120000000000000000e+02
8.210000000000000000e+02
5.600000000000000000e+02
2.370000000000000000e+02
7.420000000000000000e+02
4.100000000000000000e+01
4.060000000000000000e+02
4.480000000000000000e+02
1.450000000000000000e+02
6.200000000000000000e+02
9.000000000000000000e+01
7.730000000000000000e+02
1.930000000000000000e+02
2.330000000000000000e+02
3.300000000000000000e+02
3.300000000000000000e+02
1.140000000000000000e+02
8.090000000000000000e+02
3.220000000000000000e+02
7.190000000000000000e+02
3.920000000000000000e+02
3.010000000000000000e+02
3.350000000000000000e+02
1.990000000000000000e+02
4.190000000000000000e+02
3.420000000000000000e+02
7.180000000000000000e+02
5.450000000000000000e+02
2.410000000000000000e+02
2.090000000000000000e+02
7.180000000000000000e+02
8.300000000000000000e+01
5.600000000000000000e+01
4.990000000000000000e+02
7.700000000000000000e+02
4.520000000000000000e+02
1.000000000000000000e+01
1.500000000000000000e+01
6.980000000000000000e+02
7.030000000000000000e+02
8.800000000000000000e+01
9.100000000000000000e+01
4.540000000000000000e+02
3.470000000000000000e+02
6.090000000000000000e+02
3.010000000000000000e+02
1.980000000000000000e+02
7.300000000000000000e+02
8.050000000000000000e+02
6.420000000000000000e+02
5.250000000000000000e+02
3.820000000000000000e+02
1.600000000000000000e+02
4.740000000000000000e+02
7.880000000000000000e+02
7.410000000000000000e+02
8.200000000000000000e+02
4.040000000000000000e+02
1.680000000000000000e+02
3.600000000000000000e+02
3.970000000000000000e+02
5.830000000000000000e+02
1.060000000000000000e+02
2.830000000000000000e+02
4.540000000000000000e+02
7.950000000000000000e+02
3.100000000000000000e+02
4.410000000000000000e+02
5.500000000000000000e+02
6.100000000000000000e+01
4.470000000000000000e+02
2.000000000000000000e+00
2.380000000000000000e+02
4.600000000000000000e+01
6.400000000000000000e+02
5.460000000000000000e+02
8.060000000000000000e+02
1.600000000000000000e+01
7.910000000000000000e+02
5.770000000000000000e+02
5.040000000000000000e+02
1.940000000000000000e+02
4.590000000000000000e+02
3.030000000000000000e+02
1.220000000000000000e+02
1.230000000000000000e+02
5.350000000000000000e+02
1.940000000000000000e+02
3.900000000000000000e+02
4.010000000000000000e+02
2.470000000000000000e+02
8.190000000000000000e+02
9.900000000000000000e+01
1.130000000000000000e+02
2.360000000000000000e+02
6.970000000000000000e+02
4.690000000000000000e+02
3.350000000000000000e+02
3.500000000000000000e+02
8.800000000000000000e+01
4.070000000000000000e+02
7.230000000000000000e+02
5.850000000000000000e+02
3.270000000000000000e+02
5.700000000000000000e+02
4.830000000000000000e+02
7.000000000000000000e+00
7.650000000000000000e+02
4.370000000000000000e+02
4.300000000000000000e+01
5.250000000000000000e+02
1.060000000000000000e+02
8.140000000000000000e+02
7.840000000000000000e+02
8.180000000000000000e+02
3.550000000000000000e+02
9.000000000000000000e+00
4.310000000000000000e+02
5.700000000000000000e+02
3.450000000000000000e+02
5.200000000000000000e+01
6.200000000000000000e+02
6.730000000000000000e+02
4.930000000000000000e+02
4.380000000000000000e+02
2.310000000000000000e+02
2.000000000000000000e+00
7.000000000000000000e+00
5.980000000000000000e+02
4.510000000000000000e+02
4.580000000000000000e+02
1.880000000000000000e+02
5.820000000000000000e+02
3.120000000000000000e+02
4.610000000000000000e+02
1.800000000000000000e+02
2.320000000000000000e+02
4.520000000000000000e+02
6.110000000000000000e+02
1.660000000000000000e+02
5.020000000000000000e+02
3.450000000000000000e+02
5.900000000000000000e+02
