5.880000000000000000e+02
4.990000000000000000e+02
5.600000000000000000e+02
1.980000000000000000e+02
6.170000000000000000e+02
6.440000000000000000e+02
2.100000000000000000e+02
4.220000000000000000e+02
1.460000000000000000e+02
6.290000000000000000e+02
5.240000000000000000e+02
5.090000000000000000e+02
4.120000000000000000e+02
4.500000000000000000e+02
1.650000000000000000e+02
1.600000000000000000e+01
2.760000000000000000e+02
2.580000000000000000e+02
6.350000000000000000e+02
4.780000000000000000e+02
6.810000000000000000e+02
1.420000000000000000e+02
7.900000000000000000e+01
6.870000000000000000e+02
6.600000000000000000e+01
6.080000000000000000e+02
4.890000000000000000e+02
5.760000000000000000e+02
2.650000000000000000e+02
4.480000000000000000e+02
2.080000000000000000e+02
6.800000000000000000e+01
9.000000000000000000e+01
4.800000000000000000e+01
6.100000000000000000e+01
1.290000000000000000e+02
2.000000000000000000e+01
4.640000000000000000e+02
6.340000000000000000e+02
4.600000000000000000e+01
6.190000000000000000e+02
3.840000000000000000e+02
4.400000000000000000e+02
1.210000000000000000e+02
1.930000000000000000e+02
6.500000000000000000e+01
4.240000000000000000e+02
1.150000000000000000e+02
5.980000000000000000e+02
2.250000000000000000e+02
1.580000000000000000e+02
4.460000000000000000e+02
3.510000000000000000e+02
6.210000000000000000e+02
5.200000000000000000e+02
5.890000000000000000e+02
6.180000000000000000e+02
4.200000000000000000e+01
6.940000000000000000e+02
7.800000000000000000e+01
9.900000000000000000e+01
5.680000000000000000e+02
2.620000000000000000e+02
3.580000000000000000e+02
5.780000000000000000e+02
5.600000000000000000e+01
6.600000000000000000e+02
9.100000000000000000e+01
2.070000000000000000e+02
5.140000000000000000e+02
6.300000000000000000e+01
4.810000000000000000e+02
5.700000000000000000e+02
6.260000000000000000e+02
4.170000000000000000e+02
5.770000000000000000e+02
8.400000000000000000e+01
2.170000000000000000e+02
1.900000000000000000e+02
7.040000000000000000e+02
5.390000000000000000e+02
4.450000000000000000e+02
5.650000000000000000e+02
4.250000000000000000e+02
3.830000000000000000e+02
6.020000000000000000e+02
5.970000000000000000e+02
2.550000000000000000e+02
1.240000000000000000e+02
1.500000000000000000e+01
3.900000000000000000e+02
6.960000000000000000e+02
3.490000000000000000e+02
6.680000000000000000e+02
5.000000000000000000e+02
1.800000000000000000e+01
4.570000000000000000e+02
5.540000000000000000e+02
4.540000000000000000e+02
4.560000000000000000e+02
