1.060000000000000000e+02
7.800000000000000000e+01
5.050000000000000000e+02
6.790000000000000000e+02
2.750000000000000000e+02
1.450000000000000000e+02
6.050000000000000000e+02
4.060000000000000000e+02
1.740000000000000000e+02
4.120000000000000000e+02
1.800000000000000000e+01
3.830000000000000000e+02
1.990000000000000000e+02
5.960000000000000000e+02
5.990000000000000000e+02
5.760000000000000000e+02
6.300000000000000000e+02
2.590000000000000000e+02
4.330000000000000000e+02
4.070000000000000000e+02
7.020000000000000000e+02
3.980000000000000000e+02
6.090000000000000000e+02
7.000000000000000000e+00
4.240000000000000000e+02
1.280000000000000000e+02
2.640000000000000000e+02
3.600000000000000000e+01
5.200000000000000000e+02
2.850000000000000000e+02
5.540000000000000000e+02
5.240000000000000000e+02
4.310000000000000000e+02
2.100000000000000000e+02
3.850000000000000000e+02
6.100000000000000000e+01
6.890000000000000000e+02
3.370000000000000000e+02
3.450000000000000000e+02
4.000000000000000000e+00
4.400000000000000000e+02
2.060000000000000000e+02
1.000000000000000000e+01
4.850000000000000000e+02
2.380000000000000000e+02
5.840000000000000000e+02
6.280000000000000000e+02
2.900000000000000000e+02
6.670000000000000000e+02
6.960000000000000000e+02
6.380000000000000000e+02
2.340000000000000000e+02
5.500000000000000000e+01
4.110000000000000000e+02
6.580000000000000000e+02
1.650000000000000000e+02
7.300000000000000000e+01
2.800000000000000000e+01
6.180000000000000000e+02
3.680000000000000000e+02
1.140000000000000000e+02
4.800000000000000000e+02
5.900000000000000000e+02
3.140000000000000000e+02
3.540000000000000000e+02
6.460000000000000000e+02
5.810000000000000000e+02
8.300000000000000000e+01
1.470000000000000000e+02
3.110000000000000000e+02
7.400000000000000000e+01
4.900000000000000000e+01
2.560000000000000000e+02
4.900000000000000000e+02
4.280000000000000000e+02
6.200000000000000000e+02
5.700000000000000000e+01
5.120000000000000000e+02
3.650000000000000000e+02
4.750000000000000000e+02
3.240000000000000000e+02
5.450000000000000000e+02
4.660000000000000000e+02
3.090000000000000000e+02
4.690000000000000000e+02
5.100000000000000000e+01
6.350000000000000000e+02
2.700000000000000000e+02
1.610000000000000000e+02
4.570000000000000000e+02
4.890000000000000000e+02
4.600000000000000000e+02
1.700000000000000000e+02
2.430000000000000000e+02
6.080000000000000000e+02
1.930000000000000000e+02
3.870000000000000000e+02
2.600000000000000000e+02
3.840000000000000000e+02
5.280000000000000000e+02
