5.060000000000000000e+02
6.740000000000000000e+02
2.800000000000000000e+01
1.400000000000000000e+02
4.600000000000000000e+02
3.140000000000000000e+02
6.160000000000000000e+02
4.660000000000000000e+02
5.940000000000000000e+02
2.160000000000000000e+02
6.940000000000000000e+02
4.920000000000000000e+02
1.920000000000000000e+02
4.550000000000000000e+02
2.900000000000000000e+02
6.750000000000000000e+02
4.880000000000000000e+02
5.540000000000000000e+02
5.420000000000000000e+02
4.500000000000000000e+02
2.150000000000000000e+02
5.260000000000000000e+02
4.940000000000000000e+02
4.200000000000000000e+02
1.430000000000000000e+02
6.260000000000000000e+02
6.660000000000000000e+02
3.700000000000000000e+01
2.170000000000000000e+02
3.600000000000000000e+02
6.900000000000000000e+02
1.820000000000000000e+02
4.460000000000000000e+02
7.000000000000000000e+02
2.630000000000000000e+02
1.900000000000000000e+02
3.030000000000000000e+02
5.120000000000000000e+02
5.040000000000000000e+02
8.000000000000000000e+00
5.450000000000000000e+02
3.490000000000000000e+02
5.570000000000000000e+02
4.990000000000000000e+02
3.070000000000000000e+02
1.550000000000000000e+02
3.930000000000000000e+02
3.370000000000000000e+02
6.510000000000000000e+02
1.800000000000000000e+01
1.290000000000000000e+02
2.040000000000000000e+02
4.260000000000000000e+02
5.400000000000000000e+01
1.030000000000000000e+02
3.440000000000000000e+02
5.000000000000000000e+01
6.190000000000000000e+02
4.150000000000000000e+02
5.870000000000000000e+02
1.010000000000000000e+02
6.840000000000000000e+02
9.400000000000000000e+01
2.300000000000000000e+01
5.090000000000000000e+02
5.960000000000000000e+02
4.230000000000000000e+02
1.380000000000000000e+02
4.690000000000000000e+02
1.160000000000000000e+02
5.900000000000000000e+01
2.340000000000000000e+02
4.240000000000000000e+02
1.470000000000000000e+02
6.410000000000000000e+02
2.610000000000000000e+02
4.620000000000000000e+02
6.610000000000000000e+02
6.070000000000000000e+02
1.490000000000000000e+02
5.350000000000000000e+02
6.680000000000000000e+02
2.940000000000000000e+02
2.620000000000000000e+02
5.030000000000000000e+02
9.000000000000000000e+00
7.000000000000000000e+01
5.180000000000000000e+02
6.550000000000000000e+02
2.250000000000000000e+02
2.420000000000000000e+02
4.580000000000000000e+02
4.870000000000000000e+02
5.230000000000000000e+02
4.110000000000000000e+02
1.060000000000000000e+02
3.830000000000000000e+02
3.450000000000000000e+02
3.550000000000000000e+02
1.140000000000000000e+02
