6.490000000000000000e+02
2.220000000000000000e+02
1.650000000000000000e+02
2.070000000000000000e+02
2.950000000000000000e+02
5.490000000000000000e+02
3.590000000000000000e+02
2.980000000000000000e+02
6.720000000000000000e+02
1.820000000000000000e+02
1.700000000000000000e+01
1.840000000000000000e+02
2.380000000000000000e+02
8.400000000000000000e+01
6.150000000000000000e+02
6.960000000000000000e+02
1.430000000000000000e+02
3.340000000000000000e+02
6.180000000000000000e+02
3.790000000000000000e+02
5.170000000000000000e+02
6.480000000000000000e+02
4.170000000000000000e+02
2.730000000000000000e+02
2.900000000000000000e+01
1.930000000000000000e+02
5.980000000000000000e+02
6.420000000000000000e+02
6.880000000000000000e+02
6.290000000000000000e+02
3.160000000000000000e+02
4.000000000000000000e+00
1.310000000000000000e+02
4.260000000000000000e+02
3.100000000000000000e+01
4.320000000000000000e+02
3.750000000000000000e+02
1.490000000000000000e+02
7.040000000000000000e+02
1.420000000000000000e+02
4.750000000000000000e+02
2.550000000000000000e+02
6.790000000000000000e+02
2.430000000000000000e+02
7.900000000000000000e+01
5.530000000000000000e+02
1.860000000000000000e+02
2.090000000000000000e+02
2.600000000000000000e+02
2.560000000000000000e+02
9.100000000000000000e+01
5.810000000000000000e+02
1.980000000000000000e+02
5.880000000000000000e+02
6.200000000000000000e+02
3.940000000000000000e+02
4.040000000000000000e+02
1.130000000000000000e+02
1.410000000000000000e+02
6.430000000000000000e+02
5.990000000000000000e+02
6.820000000000000000e+02
4.510000000000000000e+02
5.870000000000000000e+02
5.430000000000000000e+02
1.720000000000000000e+02
5.180000000000000000e+02
3.610000000000000000e+02
1.580000000000000000e+02
3.110000000000000000e+02
6.270000000000000000e+02
7.800000000000000000e+01
1.630000000000000000e+02
6.740000000000000000e+02
3.120000000000000000e+02
4.790000000000000000e+02
2.170000000000000000e+02
2.000000000000000000e+01
3.600000000000000000e+02
4.940000000000000000e+02
6.060000000000000000e+02
1.750000000000000000e+02
4.930000000000000000e+02
1.140000000000000000e+02
2.990000000000000000e+02
2.060000000000000000e+02
2.970000000000000000e+02
1.900000000000000000e+02
6.760000000000000000e+02
1.620000000000000000e+02
2.710000000000000000e+02
4.700000000000000000e+02
5.970000000000000000e+02
5.350000000000000000e+02
3.250000000000000000e+02
4.870000000000000000e+02
2.930000000000000000e+02
3.450000000000000000e+02
8.300000000000000000e+01
5.760000000000000000e+02
6.000000000000000000e+02
2.400000000000000000e+02
5.020000000000000000e+02
1.500000000000000000e+02
3.780000000000000000e+02
9.900000000000000000e+01
1.990000000000000000e+02
6.410000000000000000e+02
4.430000000000000000e+02
3.870000000000000000e+02
5.500000000000000000e+02
6.330000000000000000e+02
4.060000000000000000e+02
5.250000000000000000e+02
5.210000000000000000e+02
1.960000000000000000e+02
2.100000000000000000e+02
4.570000000000000000e+02
6.400000000000000000e+01
6.450000000000000000e+02
1.000000000000000000e+00
6.600000000000000000e+02
1.570000000000000000e+02
1.700000000000000000e+02
7.000000000000000000e+01
3.720000000000000000e+02
4.070000000000000000e+02
1.170000000000000000e+02
1.290000000000000000e+02
5.450000000000000000e+02
4.650000000000000000e+02
4.140000000000000000e+02
1.500000000000000000e+01
5.060000000000000000e+02
6.370000000000000000e+02
1.390000000000000000e+02
5.200000000000000000e+01
3.220000000000000000e+02
5.910000000000000000e+02
2.010000000000000000e+02
5.050000000000000000e+02
4.720000000000000000e+02
1.370000000000000000e+02
4.200000000000000000e+01
5.110000000000000000e+02
4.700000000000000000e+01
6.170000000000000000e+02
4.900000000000000000e+01
5.600000000000000000e+02
5.260000000000000000e+02
5.000000000000000000e+00
1.050000000000000000e+02
7.000000000000000000e+00
6.100000000000000000e+01
2.240000000000000000e+02
4.840000000000000000e+02
1.010000000000000000e+02
2.260000000000000000e+02
6.810000000000000000e+02
6.110000000000000000e+02
6.300000000000000000e+01
3.830000000000000000e+02
4.560000000000000000e+02
6.160000000000000000e+02
1.250000000000000000e+02
7.700000000000000000e+01
3.930000000000000000e+02
5.550000000000000000e+02
5.480000000000000000e+02
3.820000000000000000e+02
4.000000000000000000e+01
1.660000000000000000e+02
3.150000000000000000e+02
4.530000000000000000e+02
5.400000000000000000e+02
5.730000000000000000e+02
4.080000000000000000e+02
4.100000000000000000e+02
3.950000000000000000e+02
5.370000000000000000e+02
1.550000000000000000e+02
1.060000000000000000e+02
5.070000000000000000e+02
5.770000000000000000e+02
3.900000000000000000e+01
3.170000000000000000e+02
1.870000000000000000e+02
3.360000000000000000e+02
5.930000000000000000e+02
2.020000000000000000e+02
3.480000000000000000e+02
4.550000000000000000e+02
5.920000000000000000e+02
5.200000000000000000e+02
4.800000000000000000e+02
5.160000000000000000e+02
3.030000000000000000e+02
7.600000000000000000e+01
4.690000000000000000e+02
2.190000000000000000e+02
6.580000000000000000e+02
6.710000000000000000e+02
3.080000000000000000e+02
5.140000000000000000e+02
4.470000000000000000e+02
1.780000000000000000e+02
4.410000000000000000e+02
1.400000000000000000e+01
2.590000000000000000e+02
1.030000000000000000e+02
8.000000000000000000e+00
4.280000000000000000e+02
1.160000000000000000e+02
6.770000000000000000e+02
6.460000000000000000e+02
2.940000000000000000e+02
4.330000000000000000e+02
5.460000000000000000e+02
4.300000000000000000e+01
9.000000000000000000e+00
4.110000000000000000e+02
6.800000000000000000e+02
3.190000000000000000e+02
1.450000000000000000e+02
6.870000000000000000e+02
3.280000000000000000e+02
4.630000000000000000e+02
5.660000000000000000e+02
5.800000000000000000e+01
3.320000000000000000e+02
3.020000000000000000e+02
3.070000000000000000e+02
6.840000000000000000e+02
6.850000000000000000e+02
5.000000000000000000e+01
5.220000000000000000e+02
4.230000000000000000e+02
3.980000000000000000e+02
1.320000000000000000e+02
8.200000000000000000e+01
4.710000000000000000e+02
4.990000000000000000e+02
6.100000000000000000e+02
1.260000000000000000e+02
6.440000000000000000e+02
5.290000000000000000e+02
2.800000000000000000e+01
6.860000000000000000e+02
5.690000000000000000e+02
4.620000000000000000e+02
4.400000000000000000e+01
3.850000000000000000e+02
3.310000000000000000e+02
3.130000000000000000e+02
1.600000000000000000e+01
2.100000000000000000e+01
4.150000000000000000e+02
4.850000000000000000e+02
2.910000000000000000e+02
5.790000000000000000e+02
4.960000000000000000e+02
4.810000000000000000e+02
6.280000000000000000e+02
2.630000000000000000e+02
3.410000000000000000e+02
4.130000000000000000e+02
2.740000000000000000e+02
6.750000000000000000e+02
5.280000000000000000e+02
4.460000000000000000e+02
3.880000000000000000e+02
5.780000000000000000e+02
5.900000000000000000e+01
3.390000000000000000e+02
4.830000000000000000e+02
1.000000000000000000e+01
2.750000000000000000e+02
1.470000000000000000e+02
8.100000000000000000e+01
3.200000000000000000e+01
1.120000000000000000e+02
6.530000000000000000e+02
8.900000000000000000e+01
5.240000000000000000e+02
4.640000000000000000e+02
2.700000000000000000e+01
6.640000000000000000e+02
6.910000000000000000e+02
4.740000000000000000e+02
9.500000000000000000e+01
6.830000000000000000e+02
4.660000000000000000e+02
4.480000000000000000e+02
2.420000000000000000e+02
6.000000000000000000e+00
6.560000000000000000e+02
3.260000000000000000e+02
2.110000000000000000e+02
6.350000000000000000e+02
6.650000000000000000e+02
2.800000000000000000e+02
1.920000000000000000e+02
4.970000000000000000e+02
4.800000000000000000e+01
2.480000000000000000e+02
2.310000000000000000e+02
3.660000000000000000e+02
5.030000000000000000e+02
4.400000000000000000e+02
3.100000000000000000e+02
2.140000000000000000e+02
5.700000000000000000e+01
2.870000000000000000e+02
