1.600000000000000000e+01
2.410000000000000000e+02
3.870000000000000000e+02
5.550000000000000000e+02
1.590000000000000000e+02
4.370000000000000000e+02
6.530000000000000000e+02
6.430000000000000000e+02
5.410000000000000000e+02
8.000000000000000000e+00
2.360000000000000000e+02
7.770000000000000000e+02
5.890000000000000000e+02
1.060000000000000000e+02
3.860000000000000000e+02
3.510000000000000000e+02
2.590000000000000000e+02
6.200000000000000000e+02
4.780000000000000000e+02
6.420000000000000000e+02
4.320000000000000000e+02
3.960000000000000000e+02
1.540000000000000000e+02
5.420000000000000000e+02
4.120000000000000000e+02
1.880000000000000000e+02
1.150000000000000000e+02
4.670000000000000000e+02
4.860000000000000000e+02
5.420000000000000000e+02
7.750000000000000000e+02
1.610000000000000000e+02
6.400000000000000000e+01
1.290000000000000000e+02
1.000000000000000000e+00
9.600000000000000000e+01
5.870000000000000000e+02
1.680000000000000000e+02
6.520000000000000000e+02
5.430000000000000000e+02
4.400000000000000000e+01
2.940000000000000000e+02
2.560000000000000000e+02
4.600000000000000000e+01
2.500000000000000000e+02
5.820000000000000000e+02
1.450000000000000000e+02
5.680000000000000000e+02
8.210000000000000000e+02
6.890000000000000000e+02
5.120000000000000000e+02
3.610000000000000000e+02
5.750000000000000000e+02
7.220000000000000000e+02
5.930000000000000000e+02
3.550000000000000000e+02
4.290000000000000000e+02
6.150000000000000000e+02
6.900000000000000000e+02
6.890000000000000000e+02
4.580000000000000000e+02
2.000000000000000000e+00
2.240000000000000000e+02
9.600000000000000000e+01
2.430000000000000000e+02
5.340000000000000000e+02
6.410000000000000000e+02
6.600000000000000000e+02
4.390000000000000000e+02
2.350000000000000000e+02
4.800000000000000000e+01
3.260000000000000000e+02
2.020000000000000000e+02
3.810000000000000000e+02
7.440000000000000000e+02
6.980000000000000000e+02
7.450000000000000000e+02
1.930000000000000000e+02
6.540000000000000000e+02
6.750000000000000000e+02
4.460000000000000000e+02
7.840000000000000000e+02
7.100000000000000000e+02
7.460000000000000000e+02
1.150000000000000000e+02
5.140000000000000000e+02
1.120000000000000000e+02
1.000000000000000000e+02
6.610000000000000000e+02
9.300000000000000000e+01
2.730000000000000000e+02
4.790000000000000000e+02
1.000000000000000000e+01
5.460000000000000000e+02
2.190000000000000000e+02
5.930000000000000000e+02
5.040000000000000000e+02
7.120000000000000000e+02
4.420000000000000000e+02
3.730000000000000000e+02
6.670000000000000000e+02
6.890000000000000000e+02
2.840000000000000000e+02
1.880000000000000000e+02
1.640000000000000000e+02
7.980000000000000000e+02
3.080000000000000000e+02
5.890000000000000000e+02
2.100000000000000000e+02
6.690000000000000000e+02
2.290000000000000000e+02
5.230000000000000000e+02
9.500000000000000000e+01
1.940000000000000000e+02
1.040000000000000000e+02
7.820000000000000000e+02
2.010000000000000000e+02
3.340000000000000000e+02
5.270000000000000000e+02
6.990000000000000000e+02
7.940000000000000000e+02
1.250000000000000000e+02
8.100000000000000000e+02
2.900000000000000000e+02
2.490000000000000000e+02
8.180000000000000000e+02
3.480000000000000000e+02
6.140000000000000000e+02
6.360000000000000000e+02
8.140000000000000000e+02
1.060000000000000000e+02
1.000000000000000000e+01
2.240000000000000000e+02
2.940000000000000000e+02
1.710000000000000000e+02
2.980000000000000000e+02
7.310000000000000000e+02
3.200000000000000000e+01
3.480000000000000000e+02
5.430000000000000000e+02
8.000000000000000000e+01
4.950000000000000000e+02
5.700000000000000000e+01
6.860000000000000000e+02
6.900000000000000000e+02
6.780000000000000000e+02
5.390000000000000000e+02
4.280000000000000000e+02
6.500000000000000000e+02
4.940000000000000000e+02
4.870000000000000000e+02
4.900000000000000000e+02
4.000000000000000000e+01
6.720000000000000000e+02
1.320000000000000000e+02
5.500000000000000000e+02
6.520000000000000000e+02
1.600000000000000000e+01
2.540000000000000000e+02
3.700000000000000000e+01
8.030000000000000000e+02
2.170000000000000000e+02
7.220000000000000000e+02
4.860000000000000000e+02
4.960000000000000000e+02
3.880000000000000000e+02
4.440000000000000000e+02
6.360000000000000000e+02
6.020000000000000000e+02
7.680000000000000000e+02
8.160000000000000000e+02
6.900000000000000000e+02
7.820000000000000000e+02
6.240000000000000000e+02
1.100000000000000000e+01
9.100000000000000000e+01
6.100000000000000000e+02
5.400000000000000000e+02
3.780000000000000000e+02
1.040000000000000000e+02
1.000000000000000000e+02
3.630000000000000000e+02
3.930000000000000000e+02
5.450000000000000000e+02
3.400000000000000000e+01
1.810000000000000000e+02
6.300000000000000000e+01
3.150000000000000000e+02
6.860000000000000000e+02
8.100000000000000000e+01
6.060000000000000000e+02
6.980000000000000000e+02
5.600000000000000000e+02
4.540000000000000000e+02
6.530000000000000000e+02
6.900000000000000000e+02
6.640000000000000000e+02
4.480000000000000000e+02
9.300000000000000000e+01
7.260000000000000000e+02
5.440000000000000000e+02
6.880000000000000000e+02
7.730000000000000000e+02
3.270000000000000000e+02
6.220000000000000000e+02
5.720000000000000000e+02
8.300000000000000000e+01
3.580000000000000000e+02
5.340000000000000000e+02
7.690000000000000000e+02
2.120000000000000000e+02
4.740000000000000000e+02
5.720000000000000000e+02
4.410000000000000000e+02
2.550000000000000000e+02
6.980000000000000000e+02
6.360000000000000000e+02
1.300000000000000000e+02
3.400000000000000000e+02
6.880000000000000000e+02
1.470000000000000000e+02
5.800000000000000000e+01
4.970000000000000000e+02
1.050000000000000000e+02
3.540000000000000000e+02
4.290000000000000000e+02
3.870000000000000000e+02
2.580000000000000000e+02
6.150000000000000000e+02
1.000000000000000000e+00
3.700000000000000000e+02
4.380000000000000000e+02
4.380000000000000000e+02
5.190000000000000000e+02
4.020000000000000000e+02
6.250000000000000000e+02
7.500000000000000000e+02
4.700000000000000000e+01
9.000000000000000000e+00
3.140000000000000000e+02
3.200000000000000000e+01
7.240000000000000000e+02
3.660000000000000000e+02
2.840000000000000000e+02
7.900000000000000000e+01
7.610000000000000000e+02
1.040000000000000000e+02
4.560000000000000000e+02
3.000000000000000000e+00
2.500000000000000000e+02
4.360000000000000000e+02
3.100000000000000000e+01
3.180000000000000000e+02
7.360000000000000000e+02
4.790000000000000000e+02
1.340000000000000000e+02
1.600000000000000000e+01
5.000000000000000000e+00
7.510000000000000000e+02
4.900000000000000000e+02
2.190000000000000000e+02
6.870000000000000000e+02
4.290000000000000000e+02
2.210000000000000000e+02
4.060000000000000000e+02
7.460000000000000000e+02
6.350000000000000000e+02
7.280000000000000000e+02
2.770000000000000000e+02
7.310000000000000000e+02
7.640000000000000000e+02
6.440000000000000000e+02
5.970000000000000000e+02
2.680000000000000000e+02
6.910000000000000000e+02
2.240000000000000000e+02
4.580000000000000000e+02
4.380000000000000000e+02
6.500000000000000000e+02
8.190000000000000000e+02
8.200000000000000000e+02
6.560000000000000000e+02
6.950000000000000000e+02
1.220000000000000000e+02
8.160000000000000000e+02
2.930000000000000000e+02
6.540000000000000000e+02
4.360000000000000000e+02
5.400000000000000000e+02
3.320000000000000000e+02
1.970000000000000000e+02
7.400000000000000000e+01
6.230000000000000000e+02
6.100000000000000000e+01
7.870000000000000000e+02
1.410000000000000000e+02
9.900000000000000000e+01
7.680000000000000000e+02
3.590000000000000000e+02
1.270000000000000000e+02
6.970000000000000000e+02
3.710000000000000000e+02
2.660000000000000000e+02
8.140000000000000000e+02
5.990000000000000000e+02
6.810000000000000000e+02
3.480000000000000000e+02
5.360000000000000000e+02
7.400000000000000000e+01
2.130000000000000000e+02
7.440000000000000000e+02
5.920000000000000000e+02
2.340000000000000000e+02
9.000000000000000000e+01
1.170000000000000000e+02
7.690000000000000000e+02
4.340000000000000000e+02
1.880000000000000000e+02
1.400000000000000000e+02
2.830000000000000000e+02
3.690000000000000000e+02
5.330000000000000000e+02
4.460000000000000000e+02
3.700000000000000000e+02
6.140000000000000000e+02
6.530000000000000000e+02
8.230000000000000000e+02
4.920000000000000000e+02
4.070000000000000000e+02
4.130000000000000000e+02
6.780000000000000000e+02
6.110000000000000000e+02
3.100000000000000000e+02
1.300000000000000000e+01
3.070000000000000000e+02
7.200000000000000000e+01
7.900000000000000000e+02
1.960000000000000000e+02
4.200000000000000000e+02
3.240000000000000000e+02
6.530000000000000000e+02
3.220000000000000000e+02
4.900000000000000000e+02
8.300000000000000000e+01
4.320000000000000000e+02
3.360000000000000000e+02
5.810000000000000000e+02
1.050000000000000000e+02
7.010000000000000000e+02
1.940000000000000000e+02
4.140000000000000000e+02
2.500000000000000000e+01
5.130000000000000000e+02
4.560000000000000000e+02
4.290000000000000000e+02
5.150000000000000000e+02
3.480000000000000000e+02
3.490000000000000000e+02
2.780000000000000000e+02
1.080000000000000000e+02
1.450000000000000000e+02
1.590000000000000000e+02
8.010000000000000000e+02
5.480000000000000000e+02
4.280000000000000000e+02
4.900000000000000000e+01
2.600000000000000000e+01
3.100000000000000000e+01
7.220000000000000000e+02
3.020000000000000000e+02
4.920000000000000000e+02
2.600000000000000000e+01
1.100000000000000000e+01
9.400000000000000000e+01
4.570000000000000000e+02
7.640000000000000000e+02
3.350000000000000000e+02
8.000000000000000000e+00
4.190000000000000000e+02
2.040000000000000000e+02
4.410000000000000000e+02
4.580000000000000000e+02
2.380000000000000000e+02
3.490000000000000000e+02
3.960000000000000000e+02
6.030000000000000000e+02
7.480000000000000000e+02
1.900000000000000000e+01
1.250000000000000000e+02
4.700000000000000000e+02
2.980000000000000000e+02
5.500000000000000000e+02
7.480000000000000000e+02
4.290000000000000000e+02
6.310000000000000000e+02
1.230000000000000000e+02
6.520000000000000000e+02
2.610000000000000000e+02
2.160000000000000000e+02
6.600000000000000000e+02
7.980000000000000000e+02
1.990000000000000000e+02
4.380000000000000000e+02
2.340000000000000000e+02
8.130000000000000000e+02
7.680000000000000000e+02
1.120000000000000000e+02
7.020000000000000000e+02
2.890000000000000000e+02
3.590000000000000000e+02
4.590000000000000000e+02
8.000000000000000000e+00
4.040000000000000000e+02
8.130000000000000000e+02
6.620000000000000000e+02
1.150000000000000000e+02
7.440000000000000000e+02
1.490000000000000000e+02
6.840000000000000000e+02
5.940000000000000000e+02
5.700000000000000000e+01
7.710000000000000000e+02
1.980000000000000000e+02
2.820000000000000000e+02
4.830000000000000000e+02
1.450000000000000000e+02
5.670000000000000000e+02
3.490000000000000000e+02
3.130000000000000000e+02
1.610000000000000000e+02
5.000000000000000000e+00
5.940000000000000000e+02
2.000000000000000000e+01
7.060000000000000000e+02
7.390000000000000000e+02
8.080000000000000000e+02
9.700000000000000000e+01
6.070000000000000000e+02
2.730000000000000000e+02
2.000000000000000000e+00
6.440000000000000000e+02
6.160000000000000000e+02
8.030000000000000000e+02
6.830000000000000000e+02
2.550000000000000000e+02
5.780000000000000000e+02
4.900000000000000000e+02
5.040000000000000000e+02
1.320000000000000000e+02
2.470000000000000000e+02
9.900000000000000000e+01
3.130000000000000000e+02
7.420000000000000000e+02
4.770000000000000000e+02
3.780000000000000000e+02
8.010000000000000000e+02
7.150000000000000000e+02
3.460000000000000000e+02
2.830000000000000000e+02
3.450000000000000000e+02
4.460000000000000000e+02
1.000000000000000000e+01
4.050000000000000000e+02
3.050000000000000000e+02
3.880000000000000000e+02
2.160000000000000000e+02
3.560000000000000000e+02
8.060000000000000000e+02
6.000000000000000000e+00
6.390000000000000000e+02
1.100000000000000000e+01
3.610000000000000000e+02
5.280000000000000000e+02
6.390000000000000000e+02
1.430000000000000000e+02
7.840000000000000000e+02
3.730000000000000000e+02
5.200000000000000000e+01
5.530000000000000000e+02
6.060000000000000000e+02
5.330000000000000000e+02
6.320000000000000000e+02
4.820000000000000000e+02
4.960000000000000000e+02
3.710000000000000000e+02
4.820000000000000000e+02
1.730000000000000000e+02
4.130000000000000000e+02
1.640000000000000000e+02
5.550000000000000000e+02
4.290000000000000000e+02
7.110000000000000000e+02
7.810000000000000000e+02
4.870000000000000000e+02
4.600000000000000000e+01
6.540000000000000000e+02
4.370000000000000000e+02
7.800000000000000000e+02
4.370000000000000000e+02
6.200000000000000000e+01
3.360000000000000000e+02
3.200000000000000000e+01
2.640000000000000000e+02
1.380000000000000000e+02
1.890000000000000000e+02
1.460000000000000000e+02
6.420000000000000000e+02
2.290000000000000000e+02
1.820000000000000000e+02
1.830000000000000000e+02
3.620000000000000000e+02
1.470000000000000000e+02
8.110000000000000000e+02
4.040000000000000000e+02
3.950000000000000000e+02
3.950000000000000000e+02
4.700000000000000000e+01
7.100000000000000000e+02
3.220000000000000000e+02
5.250000000000000000e+02
5.540000000000000000e+02
1.070000000000000000e+02
7.800000000000000000e+02
1.040000000000000000e+02
6.060000000000000000e+02
5.690000000000000000e+02
1.670000000000000000e+02
1.570000000000000000e+02
2.350000000000000000e+02
5.710000000000000000e+02
6.600000000000000000e+01
2.770000000000000000e+02
7.380000000000000000e+02
5.600000000000000000e+01
1.620000000000000000e+02
5.810000000000000000e+02
3.350000000000000000e+02
1.400000000000000000e+02
4.800000000000000000e+01
9.200000000000000000e+01
5.440000000000000000e+02
2.420000000000000000e+02
6.100000000000000000e+02
5.450000000000000000e+02
2.370000000000000000e+02
5.640000000000000000e+02
4.380000000000000000e+02
3.930000000000000000e+02
6.760000000000000000e+02
6.970000000000000000e+02
3.350000000000000000e+02
1.110000000000000000e+02
6.890000000000000000e+02
3.320000000000000000e+02
7.350000000000000000e+02
2.590000000000000000e+02
7.360000000000000000e+02
2.160000000000000000e+02
2.160000000000000000e+02
2.890000000000000000e+02
9.900000000000000000e+01
3.960000000000000000e+02
5.630000000000000000e+02
2.130000000000000000e+02
5.710000000000000000e+02
6.450000000000000000e+02
5.620000000000000000e+02
5.940000000000000000e+02
3.540000000000000000e+02
6.850000000000000000e+02
4.190000000000000000e+02
1.930000000000000000e+02
2.000000000000000000e+02
1.040000000000000000e+02
4.060000000000000000e+02
3.300000000000000000e+02
4.050000000000000000e+02
6.570000000000000000e+02
1.860000000000000000e+02
8.230000000000000000e+02
4.320000000000000000e+02
1.060000000000000000e+02
6.980000000000000000e+02
3.300000000000000000e+02
2.900000000000000000e+02
2.620000000000000000e+02
3.630000000000000000e+02
6.630000000000000000e+02
1.680000000000000000e+02
5.820000000000000000e+02
6.200000000000000000e+01
1.000000000000000000e+00
7.210000000000000000e+02
1.370000000000000000e+02
8.050000000000000000e+02
8.180000000000000000e+02
6.240000000000000000e+02
5.120000000000000000e+02
8.130000000000000000e+02
2.890000000000000000e+02
5.700000000000000000e+02
7.410000000000000000e+02
4.040000000000000000e+02
1.990000000000000000e+02
5.530000000000000000e+02
1.000000000000000000e+00
6.630000000000000000e+02
7.770000000000000000e+02
7.490000000000000000e+02
5.720000000000000000e+02
7.770000000000000000e+02
7.310000000000000000e+02
7.270000000000000000e+02
1.760000000000000000e+02
1.690000000000000000e+02
2.710000000000000000e+02
1.620000000000000000e+02
6.330000000000000000e+02
6.220000000000000000e+02
6.450000000000000000e+02
7.560000000000000000e+02
7.850000000000000000e+02
2.330000000000000000e+02
2.560000000000000000e+02
7.430000000000000000e+02
3.660000000000000000e+02
6.560000000000000000e+02
5.810000000000000000e+02
2.270000000000000000e+02
6.130000000000000000e+02
1.380000000000000000e+02
7.020000000000000000e+02
1.690000000000000000e+02
5.150000000000000000e+02
5.010000000000000000e+02
2.780000000000000000e+02
8.500000000000000000e+01
6.500000000000000000e+02
2.870000000000000000e+02
2.270000000000000000e+02
2.890000000000000000e+02
5.660000000000000000e+02
1.380000000000000000e+02
3.640000000000000000e+02
5.100000000000000000e+02
8.900000000000000000e+01
3.030000000000000000e+02
6.490000000000000000e+02
4.280000000000000000e+02
6.360000000000000000e+02
3.410000000000000000e+02
