3.290000000000000000e+02
5.850000000000000000e+02
1.710000000000000000e+02
1.680000000000000000e+02
5.940000000000000000e+02
4.660000000000000000e+02
6.200000000000000000e+01
5.770000000000000000e+02
9.900000000000000000e+01
7.160000000000000000e+02
7.950000000000000000e+02
1.530000000000000000e+02
4.020000000000000000e+02
4.570000000000000000e+02
8.130000000000000000e+02
2.940000000000000000e+02
2.720000000000000000e+02
5.780000000000000000e+02
2.960000000000000000e+02
3.250000000000000000e+02
6.860000000000000000e+02
3.560000000000000000e+02
9.100000000000000000e+01
6.200000000000000000e+02
6.960000000000000000e+02
4.370000000000000000e+02
2.420000000000000000e+02
7.920000000000000000e+02
2.580000000000000000e+02
8.100000000000000000e+02
3.930000000000000000e+02
2.700000000000000000e+02
8.300000000000000000e+01
7.750000000000000000e+02
2.220000000000000000e+02
7.350000000000000000e+02
1.900000000000000000e+01
8.800000000000000000e+01
3.760000000000000000e+02
6.910000000000000000e+02
5.940000000000000000e+02
7.150000000000000000e+02
4.980000000000000000e+02
8.100000000000000000e+01
7.270000000000000000e+02
8.200000000000000000e+02
1.970000000000000000e+02
8.050000000000000000e+02
4.200000000000000000e+02
3.810000000000000000e+02
4.160000000000000000e+02
3.090000000000000000e+02
6.020000000000000000e+02
6.490000000000000000e+02
3.340000000000000000e+02
9.300000000000000000e+01
4.050000000000000000e+02
1.540000000000000000e+02
2.660000000000000000e+02
4.870000000000000000e+02
2.370000000000000000e+02
5.440000000000000000e+02
2.840000000000000000e+02
5.230000000000000000e+02
5.790000000000000000e+02
6.870000000000000000e+02
3.150000000000000000e+02
4.200000000000000000e+01
7.360000000000000000e+02
4.690000000000000000e+02
3.730000000000000000e+02
8.090000000000000000e+02
2.210000000000000000e+02
7.950000000000000000e+02
1.050000000000000000e+02
4.200000000000000000e+02
5.260000000000000000e+02
7.940000000000000000e+02
4.830000000000000000e+02
7.970000000000000000e+02
5.810000000000000000e+02
1.500000000000000000e+02
7.560000000000000000e+02
3.480000000000000000e+02
7.610000000000000000e+02
8.500000000000000000e+01
1.000000000000000000e+02
4.190000000000000000e+02
5.340000000000000000e+02
1.110000000000000000e+02
2.020000000000000000e+02
2.870000000000000000e+02
4.400000000000000000e+02
6.150000000000000000e+02
5.790000000000000000e+02
5.680000000000000000e+02
6.350000000000000000e+02
7.440000000000000000e+02
7.000000000000000000e+00
8.090000000000000000e+02
2.280000000000000000e+02
3.890000000000000000e+02
8.010000000000000000e+02
4.160000000000000000e+02
6.500000000000000000e+01
6.130000000000000000e+02
5.780000000000000000e+02
2.660000000000000000e+02
6.600000000000000000e+02
5.570000000000000000e+02
6.330000000000000000e+02
3.830000000000000000e+02
2.850000000000000000e+02
5.460000000000000000e+02
3.900000000000000000e+01
2.310000000000000000e+02
5.260000000000000000e+02
7.350000000000000000e+02
2.170000000000000000e+02
2.660000000000000000e+02
5.650000000000000000e+02
2.440000000000000000e+02
5.950000000000000000e+02
2.220000000000000000e+02
7.900000000000000000e+02
4.000000000000000000e+02
2.960000000000000000e+02
1.940000000000000000e+02
1.120000000000000000e+02
2.880000000000000000e+02
3.970000000000000000e+02
3.700000000000000000e+01
4.060000000000000000e+02
4.680000000000000000e+02
6.490000000000000000e+02
6.310000000000000000e+02
7.030000000000000000e+02
7.690000000000000000e+02
5.420000000000000000e+02
3.850000000000000000e+02
8.130000000000000000e+02
1.860000000000000000e+02
4.140000000000000000e+02
5.530000000000000000e+02
2.410000000000000000e+02
3.360000000000000000e+02
5.100000000000000000e+02
3.340000000000000000e+02
2.830000000000000000e+02
1.590000000000000000e+02
4.700000000000000000e+01
1.600000000000000000e+01
2.400000000000000000e+01
3.260000000000000000e+02
5.090000000000000000e+02
2.710000000000000000e+02
6.240000000000000000e+02
3.200000000000000000e+01
1.350000000000000000e+02
1.450000000000000000e+02
6.200000000000000000e+01
3.590000000000000000e+02
2.240000000000000000e+02
5.980000000000000000e+02
5.290000000000000000e+02
7.020000000000000000e+02
2.430000000000000000e+02
3.700000000000000000e+01
1.030000000000000000e+02
7.880000000000000000e+02
1.890000000000000000e+02
3.620000000000000000e+02
4.290000000000000000e+02
6.490000000000000000e+02
3.970000000000000000e+02
5.090000000000000000e+02
4.330000000000000000e+02
6.160000000000000000e+02
3.360000000000000000e+02
6.160000000000000000e+02
6.830000000000000000e+02
5.430000000000000000e+02
3.100000000000000000e+01
8.030000000000000000e+02
6.160000000000000000e+02
2.340000000000000000e+02
2.460000000000000000e+02
3.220000000000000000e+02
7.210000000000000000e+02
6.100000000000000000e+01
2.250000000000000000e+02
1.850000000000000000e+02
4.410000000000000000e+02
1.300000000000000000e+02
2.190000000000000000e+02
5.860000000000000000e+02
6.020000000000000000e+02
4.960000000000000000e+02
9.900000000000000000e+01
7.950000000000000000e+02
4.000000000000000000e+02
4.740000000000000000e+02
5.810000000000000000e+02
1.420000000000000000e+02
1.430000000000000000e+02
2.320000000000000000e+02
3.480000000000000000e+02
4.380000000000000000e+02
5.630000000000000000e+02
7.540000000000000000e+02
4.050000000000000000e+02
6.590000000000000000e+02
7.840000000000000000e+02
3.360000000000000000e+02
4.440000000000000000e+02
8.210000000000000000e+02
4.520000000000000000e+02
3.970000000000000000e+02
1.000000000000000000e+01
2.000000000000000000e+02
7.820000000000000000e+02
1.300000000000000000e+02
2.010000000000000000e+02
3.480000000000000000e+02
8.210000000000000000e+02
1.930000000000000000e+02
4.520000000000000000e+02
7.920000000000000000e+02
4.810000000000000000e+02
3.320000000000000000e+02
4.690000000000000000e+02
8.100000000000000000e+02
8.200000000000000000e+01
4.790000000000000000e+02
3.270000000000000000e+02
2.590000000000000000e+02
2.280000000000000000e+02
3.810000000000000000e+02
3.200000000000000000e+01
5.420000000000000000e+02
2.170000000000000000e+02
1.700000000000000000e+02
4.400000000000000000e+02
6.440000000000000000e+02
3.420000000000000000e+02
3.120000000000000000e+02
1.570000000000000000e+02
4.280000000000000000e+02
9.400000000000000000e+01
1.110000000000000000e+02
9.100000000000000000e+01
4.420000000000000000e+02
4.120000000000000000e+02
1.300000000000000000e+02
7.910000000000000000e+02
6.840000000000000000e+02
6.450000000000000000e+02
8.000000000000000000e+01
3.370000000000000000e+02
8.090000000000000000e+02
7.980000000000000000e+02
3.410000000000000000e+02
7.960000000000000000e+02
2.210000000000000000e+02
7.780000000000000000e+02
6.250000000000000000e+02
4.800000000000000000e+01
8.230000000000000000e+02
6.240000000000000000e+02
8.200000000000000000e+02
3.810000000000000000e+02
6.340000000000000000e+02
5.020000000000000000e+02
3.600000000000000000e+02
2.600000000000000000e+01
7.450000000000000000e+02
5.640000000000000000e+02
4.370000000000000000e+02
4.200000000000000000e+02
4.360000000000000000e+02
4.040000000000000000e+02
7.450000000000000000e+02
8.160000000000000000e+02
6.160000000000000000e+02
4.120000000000000000e+02
1.000000000000000000e+00
7.950000000000000000e+02
2.310000000000000000e+02
2.340000000000000000e+02
8.150000000000000000e+02
6.780000000000000000e+02
4.100000000000000000e+01
3.070000000000000000e+02
6.250000000000000000e+02
5.810000000000000000e+02
6.700000000000000000e+02
5.900000000000000000e+02
7.950000000000000000e+02
9.300000000000000000e+01
1.320000000000000000e+02
5.260000000000000000e+02
6.300000000000000000e+02
8.100000000000000000e+01
7.670000000000000000e+02
9.200000000000000000e+01
3.260000000000000000e+02
7.330000000000000000e+02
3.380000000000000000e+02
5.050000000000000000e+02
7.770000000000000000e+02
1.190000000000000000e+02
7.560000000000000000e+02
5.140000000000000000e+02
5.580000000000000000e+02
5.940000000000000000e+02
5.400000000000000000e+02
5.200000000000000000e+02
4.120000000000000000e+02
7.300000000000000000e+02
9.200000000000000000e+01
7.610000000000000000e+02
3.830000000000000000e+02
5.800000000000000000e+01
4.330000000000000000e+02
1.570000000000000000e+02
7.200000000000000000e+01
5.640000000000000000e+02
7.340000000000000000e+02
7.800000000000000000e+01
7.010000000000000000e+02
4.410000000000000000e+02
7.390000000000000000e+02
1.460000000000000000e+02
7.210000000000000000e+02
6.540000000000000000e+02
4.620000000000000000e+02
7.050000000000000000e+02
3.760000000000000000e+02
5.590000000000000000e+02
6.850000000000000000e+02
5.910000000000000000e+02
9.300000000000000000e+01
2.760000000000000000e+02
7.820000000000000000e+02
5.700000000000000000e+01
3.720000000000000000e+02
5.150000000000000000e+02
5.020000000000000000e+02
2.130000000000000000e+02
3.070000000000000000e+02
2.330000000000000000e+02
2.930000000000000000e+02
5.690000000000000000e+02
4.510000000000000000e+02
5.640000000000000000e+02
8.100000000000000000e+02
1.250000000000000000e+02
2.730000000000000000e+02
3.480000000000000000e+02
3.400000000000000000e+02
7.030000000000000000e+02
6.330000000000000000e+02
3.010000000000000000e+02
6.470000000000000000e+02
7.810000000000000000e+02
2.300000000000000000e+01
4.310000000000000000e+02
7.940000000000000000e+02
4.820000000000000000e+02
2.940000000000000000e+02
2.600000000000000000e+02
5.630000000000000000e+02
1.060000000000000000e+02
2.000000000000000000e+02
9.200000000000000000e+01
1.500000000000000000e+02
1.810000000000000000e+02
3.960000000000000000e+02
5.740000000000000000e+02
2.340000000000000000e+02
3.100000000000000000e+01
1.950000000000000000e+02
3.270000000000000000e+02
2.840000000000000000e+02
6.970000000000000000e+02
4.660000000000000000e+02
5.890000000000000000e+02
4.560000000000000000e+02
5.530000000000000000e+02
4.060000000000000000e+02
2.000000000000000000e+00
6.090000000000000000e+02
6.400000000000000000e+01
7.850000000000000000e+02
8.200000000000000000e+02
2.370000000000000000e+02
3.820000000000000000e+02
7.680000000000000000e+02
2.210000000000000000e+02
4.630000000000000000e+02
3.810000000000000000e+02
5.550000000000000000e+02
3.860000000000000000e+02
3.850000000000000000e+02
6.670000000000000000e+02
1.930000000000000000e+02
4.960000000000000000e+02
7.640000000000000000e+02
1.680000000000000000e+02
3.510000000000000000e+02
8.200000000000000000e+02
5.820000000000000000e+02
6.600000000000000000e+01
2.510000000000000000e+02
5.060000000000000000e+02
2.810000000000000000e+02
3.720000000000000000e+02
2.040000000000000000e+02
1.070000000000000000e+02
6.570000000000000000e+02
1.100000000000000000e+01
2.360000000000000000e+02
2.720000000000000000e+02
3.370000000000000000e+02
6.530000000000000000e+02
2.590000000000000000e+02
4.660000000000000000e+02
4.560000000000000000e+02
5.190000000000000000e+02
3.240000000000000000e+02
4.140000000000000000e+02
4.040000000000000000e+02
2.440000000000000000e+02
3.350000000000000000e+02
2.300000000000000000e+02
7.680000000000000000e+02
1.030000000000000000e+02
5.260000000000000000e+02
8.090000000000000000e+02
2.630000000000000000e+02
1.850000000000000000e+02
3.690000000000000000e+02
5.590000000000000000e+02
7.000000000000000000e+01
3.240000000000000000e+02
3.450000000000000000e+02
1.600000000000000000e+02
7.870000000000000000e+02
4.660000000000000000e+02
4.860000000000000000e+02
5.740000000000000000e+02
1.290000000000000000e+02
5.800000000000000000e+02
7.750000000000000000e+02
5.200000000000000000e+02
1.110000000000000000e+02
2.000000000000000000e+01
6.150000000000000000e+02
5.020000000000000000e+02
4.690000000000000000e+02
5.620000000000000000e+02
4.900000000000000000e+02
1.430000000000000000e+02
6.870000000000000000e+02
8.000000000000000000e+00
5.660000000000000000e+02
6.140000000000000000e+02
3.990000000000000000e+02
3.930000000000000000e+02
1.190000000000000000e+02
7.790000000000000000e+02
7.730000000000000000e+02
5.040000000000000000e+02
2.820000000000000000e+02
2.700000000000000000e+02
5.630000000000000000e+02
7.030000000000000000e+02
5.500000000000000000e+02
6.400000000000000000e+02
7.840000000000000000e+02
4.700000000000000000e+02
6.340000000000000000e+02
1.680000000000000000e+02
6.960000000000000000e+02
3.050000000000000000e+02
4.370000000000000000e+02
5.050000000000000000e+02
1.210000000000000000e+02
7.240000000000000000e+02
9.000000000000000000e+00
5.830000000000000000e+02
9.000000000000000000e+00
4.940000000000000000e+02
2.170000000000000000e+02
1.100000000000000000e+01
3.980000000000000000e+02
1.600000000000000000e+01
1.550000000000000000e+02
6.450000000000000000e+02
2.800000000000000000e+02
6.430000000000000000e+02
7.270000000000000000e+02
8.300000000000000000e+01
7.060000000000000000e+02
6.600000000000000000e+01
6.270000000000000000e+02
2.700000000000000000e+02
8.010000000000000000e+02
7.960000000000000000e+02
8.000000000000000000e+01
5.510000000000000000e+02
8.220000000000000000e+02
5.040000000000000000e+02
2.630000000000000000e+02
3.890000000000000000e+02
2.420000000000000000e+02
3.980000000000000000e+02
4.040000000000000000e+02
7.230000000000000000e+02
7.370000000000000000e+02
6.400000000000000000e+01
1.110000000000000000e+02
7.230000000000000000e+02
3.070000000000000000e+02
4.190000000000000000e+02
3.470000000000000000e+02
6.070000000000000000e+02
7.850000000000000000e+02
3.270000000000000000e+02
5.370000000000000000e+02
2.760000000000000000e+02
8.080000000000000000e+02
6.560000000000000000e+02
2.960000000000000000e+02
4.560000000000000000e+02
5.990000000000000000e+02
6.100000000000000000e+01
2.700000000000000000e+02
1.670000000000000000e+02
1.450000000000000000e+02
3.270000000000000000e+02
5.530000000000000000e+02
7.380000000000000000e+02
3.490000000000000000e+02
1.070000000000000000e+02
1.210000000000000000e+02
4.470000000000000000e+02
5.880000000000000000e+02
5.900000000000000000e+02
5.900000000000000000e+02
3.330000000000000000e+02
6.500000000000000000e+01
5.530000000000000000e+02
1.300000000000000000e+01
7.160000000000000000e+02
1.690000000000000000e+02
1.530000000000000000e+02
6.110000000000000000e+02
5.570000000000000000e+02
7.000000000000000000e+00
6.150000000000000000e+02
5.550000000000000000e+02
6.410000000000000000e+02
1.880000000000000000e+02
6.410000000000000000e+02
6.350000000000000000e+02
3.540000000000000000e+02
7.730000000000000000e+02
6.040000000000000000e+02
2.820000000000000000e+02
2.190000000000000000e+02
3.890000000000000000e+02
1.940000000000000000e+02
2.610000000000000000e+02
1.140000000000000000e+02
5.900000000000000000e+02
2.930000000000000000e+02
1.680000000000000000e+02
7.730000000000000000e+02
4.910000000000000000e+02
4.280000000000000000e+02
1.840000000000000000e+02
1.020000000000000000e+02
6.110000000000000000e+02
3.020000000000000000e+02
5.020000000000000000e+02
3.330000000000000000e+02
5.040000000000000000e+02
3.570000000000000000e+02
1.000000000000000000e+00
4.910000000000000000e+02
3.410000000000000000e+02
5.440000000000000000e+02
5.430000000000000000e+02
2.720000000000000000e+02
5.140000000000000000e+02
2.880000000000000000e+02
5.140000000000000000e+02
2.500000000000000000e+01
4.620000000000000000e+02
4.280000000000000000e+02
4.420000000000000000e+02
8.220000000000000000e+02
7.100000000000000000e+02
4.320000000000000000e+02
4.100000000000000000e+01
7.350000000000000000e+02
6.220000000000000000e+02
2.600000000000000000e+02
5.560000000000000000e+02
2.160000000000000000e+02
5.130000000000000000e+02
6.810000000000000000e+02
1.080000000000000000e+02
1.950000000000000000e+02
5.460000000000000000e+02
3.720000000000000000e+02
5.730000000000000000e+02
6.090000000000000000e+02
6.010000000000000000e+02
7.820000000000000000e+02
1.640000000000000000e+02
5.320000000000000000e+02
4.610000000000000000e+02
1.560000000000000000e+02
4.180000000000000000e+02
7.380000000000000000e+02
6.390000000000000000e+02
6.630000000000000000e+02
6.470000000000000000e+02
4.860000000000000000e+02
4.430000000000000000e+02
8.000000000000000000e+00
5.630000000000000000e+02
1.700000000000000000e+02
5.530000000000000000e+02
2.160000000000000000e+02
7.030000000000000000e+02
1.900000000000000000e+01
5.790000000000000000e+02
7.720000000000000000e+02
5.940000000000000000e+02
5.360000000000000000e+02
2.720000000000000000e+02
3.480000000000000000e+02
4.960000000000000000e+02
2.430000000000000000e+02
7.420000000000000000e+02
3.960000000000000000e+02
4.600000000000000000e+01
9.100000000000000000e+01
